   0.0000000e+00   1.2045402e+01
   4.0103356e-02   1.2045402e+01
   4.0206979e-02   1.2045360e+01
   4.0310870e-02   1.2045372e+01
   4.0415030e-02   1.2045373e+01
   4.0519458e-02   1.2045384e+01
   4.0624157e-02   1.2045389e+01
   4.0729126e-02   1.2045394e+01
   4.0834366e-02   1.2045393e+01
   4.0939878e-02   1.2045405e+01
   4.1045663e-02   1.2045408e+01
   4.1151721e-02   1.2045416e+01
   4.1258053e-02   1.2045429e+01
   4.1364660e-02   1.2045431e+01
   4.1471543e-02   1.2045441e+01
   4.1578701e-02   1.2045449e+01
   4.1686137e-02   1.2045452e+01
   4.1793850e-02   1.2045453e+01
   4.1901841e-02   1.2045462e+01
   4.2010112e-02   1.2045471e+01
   4.2118662e-02   1.2045479e+01
   4.2227493e-02   1.2045484e+01
   4.2336605e-02   1.2045490e+01
   4.2445999e-02   1.2045499e+01
   4.2555675e-02   1.2045507e+01
   4.2665635e-02   1.2045510e+01
   4.2775879e-02   1.2045517e+01
   4.2886408e-02   1.2045522e+01
   4.2997223e-02   1.2045535e+01
   4.3108324e-02   1.2045543e+01
   4.3219712e-02   1.2045547e+01
   4.3331388e-02   1.2045556e+01
   4.3443352e-02   1.2045564e+01
   4.3555606e-02   1.2045571e+01
   4.3668149e-02   1.2045576e+01
   4.3780984e-02   1.2045586e+01
   4.3894110e-02   1.2045595e+01
   4.4007529e-02   1.2045604e+01
   4.4121240e-02   1.2045603e+01
   4.4235245e-02   1.2045613e+01
   4.4349545e-02   1.2045622e+01
   4.4464141e-02   1.2045624e+01
   4.4579032e-02   1.2045634e+01
   4.4694220e-02   1.2045635e+01
   4.4809706e-02   1.2045647e+01
   4.4925491e-02   1.2045654e+01
   4.5041574e-02   1.2045663e+01
   4.5157958e-02   1.2045673e+01
   4.5274642e-02   1.2045682e+01
   4.5391628e-02   1.2045686e+01
   4.5508916e-02   1.2045691e+01
   4.5626507e-02   1.2045701e+01
   4.5744402e-02   1.2045707e+01
   4.5862601e-02   1.2045716e+01
   4.5981106e-02   1.2045725e+01
   4.6099917e-02   1.2045734e+01
   4.6219036e-02   1.2045742e+01
   4.6338462e-02   1.2045752e+01
   4.6458196e-02   1.2045757e+01
   4.6578240e-02   1.2045766e+01
   4.6698594e-02   1.2045770e+01
   4.6819260e-02   1.2045782e+01
   4.6940237e-02   1.2045786e+01
   4.7061526e-02   1.2045798e+01
   4.7183129e-02   1.2045802e+01
   4.7305046e-02   1.2045816e+01
   4.7427279e-02   1.2045824e+01
   4.7549827e-02   1.2045826e+01
   4.7672692e-02   1.2045841e+01
   4.7795874e-02   1.2045852e+01
   4.7919374e-02   1.2045858e+01
   4.8043194e-02   1.2045860e+01
   4.8167334e-02   1.2045873e+01
   4.8291794e-02   1.2045882e+01
   4.8416576e-02   1.2045888e+01
   4.8541681e-02   1.2045901e+01
   4.8667108e-02   1.2045902e+01
   4.8792860e-02   1.2045917e+01
   4.8918937e-02   1.2045930e+01
   4.9045340e-02   1.2045932e+01
   4.9172069e-02   1.2045943e+01
   4.9299125e-02   1.2045948e+01
   4.9426510e-02   1.2045962e+01
   4.9554225e-02   1.2045971e+01
   4.9682269e-02   1.2045977e+01
   4.9810644e-02   1.2045988e+01
   4.9939350e-02   1.2045994e+01
   5.0068390e-02   1.2046008e+01
   5.0197763e-02   1.2046015e+01
   5.0327470e-02   1.2046028e+01
   5.0457512e-02   1.2046035e+01
   5.0587890e-02   1.2046046e+01
   5.0718605e-02   1.2046055e+01
   5.0849658e-02   1.2046062e+01
   5.0981050e-02   1.2046071e+01
   5.1112781e-02   1.2046079e+01
   5.1244852e-02   1.2046087e+01
   5.1377265e-02   1.2046100e+01
   5.1510020e-02   1.2046110e+01
   5.1643118e-02   1.2046120e+01
   5.1776560e-02   1.2046132e+01
   5.1910346e-02   1.2046139e+01
   5.2044479e-02   1.2046146e+01
   5.2178958e-02   1.2046158e+01
   5.2313784e-02   1.2046165e+01
   5.2448959e-02   1.2046179e+01
   5.2584483e-02   1.2046184e+01
   5.2720358e-02   1.2046195e+01
   5.2856583e-02   1.2046208e+01
   5.2993161e-02   1.2046217e+01
   5.3130091e-02   1.2046225e+01
   5.3267375e-02   1.2046236e+01
   5.3405014e-02   1.2046242e+01
   5.3543009e-02   1.2046258e+01
   5.3681360e-02   1.2046268e+01
   5.3820069e-02   1.2046277e+01
   5.3959136e-02   1.2046289e+01
   5.4098563e-02   1.2046302e+01
   5.4238349e-02   1.2046308e+01
   5.4378498e-02   1.2046319e+01
   5.4519008e-02   1.2046330e+01
   5.4659881e-02   1.2046337e+01
   5.4801118e-02   1.2046351e+01
   5.4942720e-02   1.2046360e+01
   5.5084689e-02   1.2046371e+01
   5.5227024e-02   1.2046385e+01
   5.5369726e-02   1.2046392e+01
   5.5512798e-02   1.2046408e+01
   5.5656239e-02   1.2046412e+01
   5.5800051e-02   1.2046425e+01
   5.5944234e-02   1.2046436e+01
   5.6088791e-02   1.2046449e+01
   5.6233720e-02   1.2046462e+01
   5.6379024e-02   1.2046472e+01
   5.6524704e-02   1.2046486e+01
   5.6670760e-02   1.2046493e+01
   5.6817193e-02   1.2046501e+01
   5.6964005e-02   1.2046515e+01
   5.7111196e-02   1.2046526e+01
   5.7258768e-02   1.2046538e+01
   5.7406721e-02   1.2046552e+01
   5.7555056e-02   1.2046566e+01
   5.7703775e-02   1.2046577e+01
   5.7852877e-02   1.2046585e+01
   5.8002366e-02   1.2046598e+01
   5.8152240e-02   1.2046609e+01
   5.8302502e-02   1.2046622e+01
   5.8453152e-02   1.2046634e+01
   5.8604191e-02   1.2046643e+01
   5.8755620e-02   1.2046656e+01
   5.8907441e-02   1.2046668e+01
   5.9059654e-02   1.2046677e+01
   5.9212261e-02   1.2046689e+01
   5.9365262e-02   1.2046704e+01
   5.9518658e-02   1.2046718e+01
   5.9672450e-02   1.2046727e+01
   5.9826640e-02   1.2046739e+01
   5.9981229e-02   1.2046755e+01
   6.0136217e-02   1.2046763e+01
   6.0291605e-02   1.2046774e+01
   6.0447395e-02   1.2046790e+01
   6.0603587e-02   1.2046803e+01
   6.0760184e-02   1.2046815e+01
   6.0917184e-02   1.2046825e+01
   6.1074591e-02   1.2046840e+01
   6.1232404e-02   1.2046851e+01
   6.1390625e-02   1.2046863e+01
   6.1549255e-02   1.2046880e+01
   6.1708295e-02   1.2046892e+01
   6.1867745e-02   1.2046902e+01
   6.2027608e-02   1.2046918e+01
   6.2187884e-02   1.2046928e+01
   6.2348574e-02   1.2046942e+01
   6.2509679e-02   1.2046958e+01
   6.2671201e-02   1.2046972e+01
   6.2833140e-02   1.2046983e+01
   6.2995497e-02   1.2046994e+01
   6.3158274e-02   1.2047012e+01
   6.3321472e-02   1.2047024e+01
   6.3485091e-02   1.2047035e+01
   6.3649133e-02   1.2047049e+01
   6.3813599e-02   1.2047063e+01
   6.3978490e-02   1.2047079e+01
   6.4143807e-02   1.2047092e+01
   6.4309552e-02   1.2047108e+01
   6.4475724e-02   1.2047120e+01
   6.4642326e-02   1.2047134e+01
   6.4809359e-02   1.2047148e+01
   6.4976823e-02   1.2047160e+01
   6.5144720e-02   1.2047173e+01
   6.5313050e-02   1.2047186e+01
   6.5481816e-02   1.2047203e+01
   6.5651018e-02   1.2047219e+01
   6.5820657e-02   1.2047231e+01
   6.5990734e-02   1.2047243e+01
   6.6161251e-02   1.2047261e+01
   6.6332209e-02   1.2047274e+01
   6.6503608e-02   1.2047290e+01
   6.6675450e-02   1.2047299e+01
   6.6847737e-02   1.2047315e+01
   6.7020468e-02   1.2047329e+01
   6.7193646e-02   1.2047347e+01
   6.7367271e-02   1.2047362e+01
   6.7541345e-02   1.2047375e+01
   6.7715869e-02   1.2047391e+01
   6.7890844e-02   1.2047404e+01
   6.8066271e-02   1.2047417e+01
   6.8242151e-02   1.2047435e+01
   6.8418486e-02   1.2047449e+01
   6.8595277e-02   1.2047466e+01
   6.8772524e-02   1.2047479e+01
   6.8950229e-02   1.2047498e+01
   6.9128394e-02   1.2047513e+01
   6.9307019e-02   1.2047528e+01
   6.9486106e-02   1.2047545e+01
   6.9665655e-02   1.2047557e+01
   6.9845668e-02   1.2047574e+01
   7.0026147e-02   1.2047593e+01
   7.0207091e-02   1.2047604e+01
   7.0388504e-02   1.2047620e+01
   7.0570385e-02   1.2047635e+01
   7.0752736e-02   1.2047650e+01
   7.0935559e-02   1.2047669e+01
   7.1118854e-02   1.2047682e+01
   7.1302622e-02   1.2047699e+01
   7.1486866e-02   1.2047716e+01
   7.1671585e-02   1.2047733e+01
   7.1856782e-02   1.2047745e+01
   7.2042458e-02   1.2047765e+01
   7.2228613e-02   1.2047778e+01
   7.2415249e-02   1.2047796e+01
   7.2602368e-02   1.2047812e+01
   7.2789970e-02   1.2047832e+01
   7.2978057e-02   1.2047845e+01
   7.3166630e-02   1.2047861e+01
   7.3355690e-02   1.2047879e+01
   7.3545239e-02   1.2047898e+01
   7.3735278e-02   1.2047914e+01
   7.3925807e-02   1.2047931e+01
   7.4116829e-02   1.2047945e+01
   7.4308345e-02   1.2047961e+01
   7.4500356e-02   1.2047979e+01
   7.4692863e-02   1.2047997e+01
   7.4885867e-02   1.2048015e+01
   7.5079370e-02   1.2048031e+01
   7.5273373e-02   1.2048047e+01
   7.5467877e-02   1.2048064e+01
   7.5662884e-02   1.2048081e+01
   7.5858395e-02   1.2048098e+01
   7.6054412e-02   1.2048118e+01
   7.6250934e-02   1.2048134e+01
   7.6447965e-02   1.2048151e+01
   7.6645505e-02   1.2048168e+01
   7.6843555e-02   1.2048187e+01
   7.7042117e-02   1.2048208e+01
   7.7241192e-02   1.2048223e+01
   7.7440782e-02   1.2048240e+01
   7.7640887e-02   1.2048260e+01
   7.7841509e-02   1.2048278e+01
   7.8042650e-02   1.2048294e+01
   7.8244311e-02   1.2048314e+01
   7.8446493e-02   1.2048333e+01
   7.8649197e-02   1.2048350e+01
   7.8852425e-02   1.2048364e+01
   7.9056178e-02   1.2048384e+01
   7.9260458e-02   1.2048402e+01
   7.9465266e-02   1.2048420e+01
   7.9670603e-02   1.2048440e+01
   7.9876470e-02   1.2048454e+01
   8.0082870e-02   1.2048478e+01
   8.0289803e-02   1.2048495e+01
   8.0497270e-02   1.2048512e+01
   8.0705274e-02   1.2048532e+01
   8.0913816e-02   1.2048550e+01
   8.1122896e-02   1.2048569e+01
   8.1332516e-02   1.2048587e+01
   8.1542679e-02   1.2048606e+01
   8.1753384e-02   1.2048622e+01
   8.1964634e-02   1.2048643e+01
   8.2176430e-02   1.2048663e+01
   8.2388773e-02   1.2048681e+01
   8.2601665e-02   1.2048703e+01
   8.2815107e-02   1.2048719e+01
   8.3029100e-02   1.2048739e+01
   8.3243647e-02   1.2048759e+01
   8.3458748e-02   1.2048778e+01
   8.3674405e-02   1.2048799e+01
   8.3890619e-02   1.2048820e+01
   8.4107392e-02   1.2048839e+01
   8.4324725e-02   1.2048859e+01
   8.4542619e-02   1.2048878e+01
   8.4761077e-02   1.2048895e+01
   8.4980100e-02   1.2048916e+01
   8.5199688e-02   1.2048933e+01
   8.5419844e-02   1.2048955e+01
   8.5640568e-02   1.2048974e+01
   8.5861864e-02   1.2048993e+01
   8.6083731e-02   1.2049015e+01
   8.6306171e-02   1.2049036e+01
   8.6529186e-02   1.2049052e+01
   8.6752778e-02   1.2049074e+01
   8.6976947e-02   1.2049095e+01
   8.7201696e-02   1.2049113e+01
   8.7427025e-02   1.2049135e+01
   8.7652937e-02   1.2049153e+01
   8.7879432e-02   1.2049175e+01
   8.8106513e-02   1.2049198e+01
   8.8334181e-02   1.2049217e+01
   8.8562437e-02   1.2049238e+01
   8.8791283e-02   1.2049256e+01
   8.9020720e-02   1.2049274e+01
   8.9250750e-02   1.2049298e+01
   8.9481375e-02   1.2049320e+01
   8.9712595e-02   1.2049337e+01
   8.9944414e-02   1.2049361e+01
   9.0176831e-02   1.2049382e+01
   9.0409849e-02   1.2049402e+01
   9.0643469e-02   1.2049421e+01
   9.0877693e-02   1.2049442e+01
   9.1112522e-02   1.2049463e+01
   9.1347957e-02   1.2049480e+01
   9.1584002e-02   1.2049505e+01
   9.1820656e-02   1.2049525e+01
   9.2057922e-02   1.2049548e+01
   9.2295801e-02   1.2049570e+01
   9.2534295e-02   1.2049591e+01
   9.2773405e-02   1.2049611e+01
   9.3013133e-02   1.2049632e+01
   9.3253481e-02   1.2049653e+01
   9.3494449e-02   1.2049673e+01
   9.3736041e-02   1.2049697e+01
   9.3978257e-02   1.2049716e+01
   9.4221098e-02   1.2049738e+01
   9.4464568e-02   1.2049759e+01
   9.4708666e-02   1.2049779e+01
   9.4953395e-02   1.2049800e+01
   9.5198757e-02   1.2049822e+01
   9.5444753e-02   1.2049846e+01
   9.5691384e-02   1.2049868e+01
   9.5938653e-02   1.2049887e+01
   9.6186561e-02   1.2049909e+01
   9.6435110e-02   1.2049931e+01
   9.6684301e-02   1.2049954e+01
   9.6934135e-02   1.2049974e+01
   9.7184616e-02   1.2049996e+01
   9.7435744e-02   1.2050015e+01
   9.7687520e-02   1.2050036e+01
   9.7939948e-02   1.2050058e+01
   9.8193028e-02   1.2050082e+01
   9.8446762e-02   1.2050105e+01
   9.8701151e-02   1.2050125e+01
   9.8956198e-02   1.2050147e+01
   9.9211904e-02   1.2050168e+01
   9.9468271e-02   1.2050189e+01
   9.9725300e-02   1.2050209e+01
   9.9982994e-02   1.2050227e+01
   1.0024135e-01   1.2050252e+01
   1.0050038e-01   1.2050279e+01
   1.0076008e-01   1.2050302e+01
   1.0102045e-01   1.2050324e+01
   1.0128149e-01   1.2050349e+01
   1.0154320e-01   1.2050362e+01
   1.0180559e-01   1.2050380e+01
   1.0206866e-01   1.2050401e+01
   1.0233241e-01   1.2050429e+01
   1.0259684e-01   1.2050452e+01
   1.0286196e-01   1.2050477e+01
   1.0312776e-01   1.2050496e+01
   1.0339424e-01   1.2050508e+01
   1.0366142e-01   1.2050535e+01
   1.0392929e-01   1.2050566e+01
   1.0419784e-01   1.2050572e+01
   1.0446710e-01   1.2050607e+01
   1.0473704e-01   1.2050622e+01
   1.0500769e-01   1.2050650e+01
   1.0527903e-01   1.2050665e+01
   1.0555108e-01   1.2050690e+01
   1.0582383e-01   1.2050714e+01
   1.0609728e-01   1.2050730e+01
   1.0637144e-01   1.2050752e+01
   1.0664631e-01   1.2050770e+01
   1.0692189e-01   1.2050792e+01
   1.0719819e-01   1.2050823e+01
   1.0747519e-01   1.2050838e+01
   1.0775291e-01   1.2050855e+01
   1.0803135e-01   1.2050879e+01
   1.0831051e-01   1.2050905e+01
   1.0859039e-01   1.2050929e+01
   1.0887100e-01   1.2050953e+01
   1.0915233e-01   1.2050973e+01
   1.0943438e-01   1.2050988e+01
   1.0971717e-01   1.2051013e+01
   1.1000068e-01   1.2051031e+01
   1.1028493e-01   1.2051056e+01
   1.1056991e-01   1.2051073e+01
   1.1085563e-01   1.2051096e+01
   1.1114209e-01   1.2051111e+01
   1.1142929e-01   1.2051136e+01
   1.1171723e-01   1.2051161e+01
   1.1200592e-01   1.2051189e+01
   1.1229535e-01   1.2051211e+01
   1.1258552e-01   1.2051222e+01
   1.1287645e-01   1.2051240e+01
   1.1316813e-01   1.2051261e+01
   1.1346057e-01   1.2051282e+01
   1.1375376e-01   1.2051305e+01
   1.1404771e-01   1.2051326e+01
   1.1434241e-01   1.2051341e+01
   1.1463788e-01   1.2051366e+01
   1.1493412e-01   1.2051392e+01
   1.1523111e-01   1.2051403e+01
   1.1552888e-01   1.2051430e+01
   1.1582741e-01   1.2051443e+01
   1.1612672e-01   1.2051461e+01
   1.1642680e-01   1.2051480e+01
   1.1672766e-01   1.2051512e+01
   1.1702929e-01   1.2051527e+01
   1.1733170e-01   1.2051541e+01
   1.1763490e-01   1.2051569e+01
   1.1793888e-01   1.2051593e+01
   1.1824364e-01   1.2051608e+01
   1.1854919e-01   1.2051624e+01
   1.1885553e-01   1.2051640e+01
   1.1916267e-01   1.2051664e+01
   1.1947059e-01   1.2051678e+01
   1.1977931e-01   1.2051696e+01
   1.2008883e-01   1.2051714e+01
   1.2039915e-01   1.2051737e+01
   1.2071028e-01   1.2051761e+01
   1.2102220e-01   1.2051772e+01
   1.2133493e-01   1.2051786e+01
   1.2164847e-01   1.2051803e+01
   1.2196283e-01   1.2051829e+01
   1.2227799e-01   1.2051849e+01
   1.2259397e-01   1.2051867e+01
   1.2291076e-01   1.2051878e+01
   1.2322837e-01   1.2051894e+01
   1.2354681e-01   1.2051915e+01
   1.2386606e-01   1.2051929e+01
   1.2418615e-01   1.2051955e+01
   1.2450705e-01   1.2051962e+01
   1.2482879e-01   1.2051983e+01
   1.2515136e-01   1.2051996e+01
   1.2547477e-01   1.2052018e+01
   1.2579901e-01   1.2052039e+01
   1.2612408e-01   1.2052044e+01
   1.2645000e-01   1.2052058e+01
   1.2677676e-01   1.2052074e+01
   1.2710436e-01   1.2052082e+01
   1.2743281e-01   1.2052104e+01
   1.2776211e-01   1.2052121e+01
   1.2809227e-01   1.2052141e+01
   1.2842327e-01   1.2052149e+01
   1.2875513e-01   1.2052167e+01
   1.2908785e-01   1.2052186e+01
   1.2942142e-01   1.2052188e+01
   1.2975586e-01   1.2052200e+01
   1.3009117e-01   1.2052226e+01
   1.3042733e-01   1.2052228e+01
   1.3076437e-01   1.2052242e+01
   1.3110228e-01   1.2052256e+01
   1.3144107e-01   1.2052273e+01
   1.3178073e-01   1.2052285e+01
   1.3212126e-01   1.2052293e+01
   1.3246268e-01   1.2052304e+01
   1.3280498e-01   1.2052313e+01
   1.3314816e-01   1.2052322e+01
   1.3349223e-01   1.2052333e+01
   1.3383719e-01   1.2052347e+01
   1.3418304e-01   1.2052359e+01
   1.3452979e-01   1.2052372e+01
   1.3487743e-01   1.2052377e+01
   1.3522597e-01   1.2052388e+01
   1.3557541e-01   1.2052399e+01
   1.3592575e-01   1.2052403e+01
   1.3627700e-01   1.2052411e+01
   1.3662916e-01   1.2052423e+01
   1.3698222e-01   1.2052425e+01
   1.3733620e-01   1.2052431e+01
   1.3769110e-01   1.2052443e+01
   1.3804691e-01   1.2052449e+01
   1.3840364e-01   1.2052455e+01
   1.3876129e-01   1.2052455e+01
   1.3911987e-01   1.2052463e+01
   1.3947937e-01   1.2052469e+01
   1.3983980e-01   1.2052471e+01
   1.4020117e-01   1.2052485e+01
   1.4056347e-01   1.2052490e+01
   1.4092670e-01   1.2052484e+01
   1.4129088e-01   1.2052493e+01
   1.4165599e-01   1.2052491e+01
   1.4202205e-01   1.2052497e+01
   1.4238905e-01   1.2052500e+01
   1.4275700e-01   1.2052498e+01
   1.4312591e-01   1.2052503e+01
   1.4349577e-01   1.2052508e+01
   1.4386658e-01   1.2052504e+01
   1.4423835e-01   1.2052504e+01
   1.4461108e-01   1.2052500e+01
   1.4498478e-01   1.2052498e+01
   1.4535944e-01   1.2052498e+01
   1.4573507e-01   1.2052496e+01
   1.4611167e-01   1.2052495e+01
   1.4648924e-01   1.2052492e+01
   1.4686779e-01   1.2052488e+01
   1.4724732e-01   1.2052484e+01
   1.4762782e-01   1.2052476e+01
   1.4800932e-01   1.2052474e+01
   1.4839179e-01   1.2052457e+01
   1.4877526e-01   1.2052458e+01
   1.4915972e-01   1.2052458e+01
   1.4954517e-01   1.2052445e+01
   1.4993161e-01   1.2052435e+01
   1.5031906e-01   1.2052432e+01
   1.5070751e-01   1.2052420e+01
   1.5109696e-01   1.2052407e+01
   1.5148741e-01   1.2052388e+01
   1.5187888e-01   1.2052384e+01
   1.5227136e-01   1.2052376e+01
   1.5266485e-01   1.2052362e+01
   1.5305936e-01   1.2052350e+01
   1.5345489e-01   1.2052339e+01
   1.5385144e-01   1.2052322e+01
   1.5424902e-01   1.2052308e+01
   1.5464762e-01   1.2052285e+01
   1.5504725e-01   1.2052270e+01
   1.5544792e-01   1.2052256e+01
   1.5584962e-01   1.2052240e+01
   1.5625236e-01   1.2052218e+01
   1.5665614e-01   1.2052198e+01
   1.5706097e-01   1.2052181e+01
   1.5746684e-01   1.2052158e+01
   1.5787376e-01   1.2052137e+01
   1.5828173e-01   1.2052112e+01
   1.5869075e-01   1.2052084e+01
   1.5910083e-01   1.2052061e+01
   1.5951198e-01   1.2052044e+01
   1.5992418e-01   1.2052016e+01
   1.6033745e-01   1.2051990e+01
   1.6075179e-01   1.2051960e+01
   1.6116720e-01   1.2051930e+01
   1.6158368e-01   1.2051896e+01
   1.6200124e-01   1.2051865e+01
   1.6241988e-01   1.2051839e+01
   1.6283960e-01   1.2051811e+01
   1.6326040e-01   1.2051777e+01
   1.6368229e-01   1.2051742e+01
   1.6410527e-01   1.2051706e+01
   1.6452935e-01   1.2051672e+01
   1.6495452e-01   1.2051629e+01
   1.6538079e-01   1.2051588e+01
   1.6580816e-01   1.2051552e+01
   1.6623664e-01   1.2051514e+01
   1.6666622e-01   1.2051475e+01
   1.6709691e-01   1.2051432e+01
   1.6752872e-01   1.2051393e+01
   1.6796164e-01   1.2051345e+01
   1.6839568e-01   1.2051295e+01
   1.6883085e-01   1.2051255e+01
   1.6926713e-01   1.2051195e+01
   1.6970455e-01   1.2051155e+01
   1.7014309e-01   1.2051103e+01
   1.7058277e-01   1.2051052e+01
   1.7102359e-01   1.2051002e+01
   1.7146554e-01   1.2050946e+01
   1.7190864e-01   1.2050893e+01
   1.7235288e-01   1.2050833e+01
   1.7279827e-01   1.2050774e+01
   1.7324481e-01   1.2050720e+01
   1.7369250e-01   1.2050658e+01
   1.7414135e-01   1.2050598e+01
   1.7459136e-01   1.2050538e+01
   1.7504253e-01   1.2050470e+01
   1.7549487e-01   1.2050401e+01
   1.7594838e-01   1.2050331e+01
   1.7640306e-01   1.2050264e+01
   1.7685892e-01   1.2050193e+01
   1.7731595e-01   1.2050126e+01
   1.7777417e-01   1.2050056e+01
   1.7823356e-01   1.2049977e+01
   1.7869415e-01   1.2049905e+01
   1.7915593e-01   1.2049831e+01
   1.7961890e-01   1.2049750e+01
   1.8008306e-01   1.2049661e+01
   1.8054843e-01   1.2049582e+01
   1.8101499e-01   1.2049495e+01
   1.8148277e-01   1.2049415e+01
   1.8195175e-01   1.2049327e+01
   1.8242194e-01   1.2049239e+01
   1.8289335e-01   1.2049152e+01
   1.8336598e-01   1.2049062e+01
   1.8383983e-01   1.2048966e+01
   1.8431490e-01   1.2048864e+01
   1.8479120e-01   1.2048764e+01
   1.8526873e-01   1.2048666e+01
   1.8574750e-01   1.2048572e+01
   1.8622750e-01   1.2048468e+01
   1.8670874e-01   1.2048362e+01
   1.8719123e-01   1.2048258e+01
   1.8767496e-01   1.2048147e+01
   1.8815994e-01   1.2048029e+01
   1.8864618e-01   1.2047916e+01
   1.8913367e-01   1.2047804e+01
   1.8962242e-01   1.2047684e+01
   1.9011244e-01   1.2047572e+01
   1.9060372e-01   1.2047452e+01
   1.9109627e-01   1.2047327e+01
   1.9159009e-01   1.2047200e+01
   1.9208519e-01   1.2047070e+01
   1.9258157e-01   1.2046938e+01
   1.9307923e-01   1.2046800e+01
   1.9357818e-01   1.2046670e+01
   1.9407841e-01   1.2046537e+01
   1.9457994e-01   1.2046399e+01
   1.9508277e-01   1.2046259e+01
   1.9558689e-01   1.2046113e+01
   1.9609232e-01   1.2045966e+01
   1.9659905e-01   1.2045816e+01
   1.9710709e-01   1.2045660e+01
   1.9761644e-01   1.2045507e+01
   1.9812711e-01   1.2045350e+01
   1.9863910e-01   1.2045194e+01
   1.9915242e-01   1.2045039e+01
   1.9966706e-01   1.2044874e+01
   2.0018302e-01   1.2044701e+01
   2.0070032e-01   1.2044529e+01
   2.0121896e-01   1.2044356e+01
   2.0173894e-01   1.2044182e+01
   2.0226026e-01   1.2044002e+01
   2.0278293e-01   1.2043830e+01
   2.0330695e-01   1.2043644e+01
   2.0383232e-01   1.2043457e+01
   2.0435905e-01   1.2043265e+01
   2.0488714e-01   1.2043072e+01
   2.0541660e-01   1.2042880e+01
   2.0594742e-01   1.2042679e+01
   2.0647961e-01   1.2042472e+01
   2.0701318e-01   1.2042267e+01
   2.0754813e-01   1.2042061e+01
   2.0808446e-01   1.2041850e+01
   2.0862218e-01   1.2041638e+01
   2.0916128e-01   1.2041416e+01
   2.0970178e-01   1.2041197e+01
   2.1024367e-01   1.2040968e+01
   2.1078697e-01   1.2040739e+01
   2.1133166e-01   1.2040504e+01
   2.1187777e-01   1.2040270e+01
   2.1242528e-01   1.2040030e+01
   2.1297421e-01   1.2039785e+01
   2.1352456e-01   1.2039536e+01
   2.1407633e-01   1.2039288e+01
   2.1462952e-01   1.2039031e+01
   2.1518415e-01   1.2038779e+01
   2.1574020e-01   1.2038516e+01
   2.1629769e-01   1.2038248e+01
   2.1685663e-01   1.2037979e+01
   2.1741700e-01   1.2037707e+01
   2.1797883e-01   1.2037432e+01
   2.1854210e-01   1.2037149e+01
   2.1910683e-01   1.2036863e+01
   2.1967302e-01   1.2036574e+01
   2.2024067e-01   1.2036272e+01
   2.2080979e-01   1.2035984e+01
   2.2138038e-01   1.2035674e+01
   2.2195244e-01   1.2035367e+01
   2.2252598e-01   1.2035053e+01
   2.2310100e-01   1.2034737e+01
   2.2367751e-01   1.2034416e+01
   2.2425550e-01   1.2034084e+01
   2.2483499e-01   1.2033754e+01
   2.2541597e-01   1.2033418e+01
   2.2599846e-01   1.2033081e+01
   2.2658245e-01   1.2032740e+01
   2.2716794e-01   1.2032383e+01
   2.2775495e-01   1.2032028e+01
   2.2834348e-01   1.2031670e+01
   2.2893353e-01   1.2031308e+01
   2.2952510e-01   1.2030938e+01
   2.3011819e-01   1.2030559e+01
   2.3071282e-01   1.2030174e+01
   2.3130899e-01   1.2029789e+01
   2.3190669e-01   1.2029396e+01
   2.3250594e-01   1.2028996e+01
   2.3310674e-01   1.2028595e+01
   2.3370908e-01   1.2028179e+01
   2.3431299e-01   1.2027769e+01
   2.3491845e-01   1.2027352e+01
   2.3552547e-01   1.2026920e+01
   2.3613407e-01   1.2026493e+01
   2.3674423e-01   1.2026054e+01
   2.3735597e-01   1.2025612e+01
   2.3796929e-01   1.2025160e+01
   2.3858420e-01   1.2024706e+01
   2.3920069e-01   1.2024241e+01
   2.3981877e-01   1.2023770e+01
   2.4043845e-01   1.2023289e+01
   2.4105973e-01   1.2022811e+01
   2.4168261e-01   1.2022317e+01
   2.4230711e-01   1.2021843e+01
   2.4293321e-01   1.2021327e+01
   2.4356093e-01   1.2020811e+01
   2.4419027e-01   1.2020307e+01
   2.4482124e-01   1.2019776e+01
   2.4545383e-01   1.2019239e+01
   2.4608806e-01   1.2018712e+01
   2.4672393e-01   1.2018161e+01
   2.4736144e-01   1.2017618e+01
   2.4800059e-01   1.2017046e+01
   2.4864139e-01   1.2016479e+01
   2.4928385e-01   1.2015897e+01
   2.4992797e-01   1.2015331e+01
   2.5057375e-01   1.2014735e+01
   2.5122119e-01   1.2014127e+01
   2.5187031e-01   1.2013533e+01
   2.5252110e-01   1.2012910e+01
   2.5317357e-01   1.2012281e+01
   2.5382773e-01   1.2011656e+01
   2.5448358e-01   1.2011007e+01
   2.5514111e-01   1.2010375e+01
   2.5580035e-01   1.2009710e+01
   2.5646129e-01   1.2009038e+01
   2.5712393e-01   1.2008379e+01
   2.5778828e-01   1.2007681e+01
   2.5845435e-01   1.2006980e+01
   2.5912214e-01   1.2006298e+01
   2.5979165e-01   1.2005577e+01
   2.6046288e-01   1.2004861e+01
   2.6113585e-01   1.2004122e+01
   2.6181056e-01   1.2003381e+01
   2.6248701e-01   1.2002631e+01
   2.6316520e-01   1.2001881e+01
   2.6384515e-01   1.2001104e+01
   2.6452684e-01   1.2000316e+01
   2.6521030e-01   1.1999543e+01
   2.6589552e-01   1.1998736e+01
   2.6658251e-01   1.1997913e+01
   2.6727127e-01   1.1997100e+01
   2.6796181e-01   1.1996267e+01
   2.6865413e-01   1.1995444e+01
   2.6934824e-01   1.1994579e+01
   2.7004413e-01   1.1993703e+01
   2.7074183e-01   1.1992845e+01
   2.7144132e-01   1.1991947e+01
   2.7214262e-01   1.1991050e+01
   2.7284572e-01   1.1990147e+01
   2.7355064e-01   1.1989214e+01
   2.7425738e-01   1.1988295e+01
   2.7496594e-01   1.1987326e+01
   2.7567633e-01   1.1986368e+01
   2.7638855e-01   1.1985411e+01
   2.7710261e-01   1.1984430e+01
   2.7781851e-01   1.1983427e+01
   2.7853626e-01   1.1982416e+01
   2.7925585e-01   1.1981394e+01
   2.7997731e-01   1.1980360e+01
   2.8070062e-01   1.1979314e+01
   2.8142580e-01   1.1978245e+01
   2.8215285e-01   1.1977186e+01
   2.8288178e-01   1.1976098e+01
   2.8361258e-01   1.1974995e+01
   2.8434527e-01   1.1973867e+01
   2.8507985e-01   1.1972753e+01
   2.8581632e-01   1.1971601e+01
   2.8655469e-01   1.1970432e+01
   2.8729497e-01   1.1969269e+01
   2.8803715e-01   1.1968073e+01
   2.8878125e-01   1.1966892e+01
   2.8952726e-01   1.1965654e+01
   2.9027520e-01   1.1964418e+01
   2.9102506e-01   1.1963177e+01
   2.9177686e-01   1.1961900e+01
   2.9253060e-01   1.1960618e+01
   2.9328628e-01   1.1959333e+01
   2.9404391e-01   1.1958005e+01
   2.9480349e-01   1.1956674e+01
   2.9556503e-01   1.1955332e+01
   2.9632853e-01   1.1953962e+01
   2.9709400e-01   1.1952607e+01
   2.9786144e-01   1.1951187e+01
   2.9863086e-01   1.1949770e+01
   2.9940226e-01   1.1948347e+01
   3.0017565e-01   1.1946887e+01
   3.0095103e-01   1.1945405e+01
   3.0172841e-01   1.1943931e+01
   3.0250780e-01   1.1942419e+01
   3.0328919e-01   1.1940913e+01
   3.0385557e-01   1.1939781e+01
   3.0484355e-01   1.1937809e+01
   3.0556015e-01   1.1936370e+01
   3.0627843e-01   1.1934928e+01
   3.0699840e-01   1.1933450e+01
   3.0772005e-01   1.1931954e+01
   3.0844339e-01   1.1930466e+01
   3.0916844e-01   1.1928931e+01
   3.0989518e-01   1.1927382e+01
   3.1062362e-01   1.1925840e+01
   3.1135377e-01   1.1924255e+01
   3.1208563e-01   1.1922678e+01
   3.1281921e-01   1.1921049e+01
   3.1355450e-01   1.1919417e+01
   3.1429152e-01   1.1917774e+01
   3.1503027e-01   1.1916123e+01
   3.1577075e-01   1.1914441e+01
   3.1651296e-01   1.1912727e+01
   3.1725691e-01   1.1911021e+01
   3.1800260e-01   1.1909273e+01
   3.1875004e-01   1.1907529e+01
   3.1949924e-01   1.1905727e+01
   3.2025018e-01   1.1903926e+01
   3.2100289e-01   1.1902105e+01
   3.2175736e-01   1.1900285e+01
   3.2251359e-01   1.1898421e+01
   3.2327160e-01   1.1896533e+01
   3.2403138e-01   1.1894643e+01
   3.2479295e-01   1.1892715e+01
   3.2555629e-01   1.1890768e+01
   3.2632142e-01   1.1888808e+01
   3.2708835e-01   1.1886816e+01
   3.2785707e-01   1.1884829e+01
   3.2862759e-01   1.1882775e+01
   3.2939991e-01   1.1880718e+01
   3.2995959e-01   1.1879217e+01
   3.3093570e-01   1.1876596e+01
   3.3164350e-01   1.1874664e+01
   3.3287846e-01   1.1871276e+01
   3.3377462e-01   1.1868759e+01
   3.3442427e-01   1.1866943e+01
   3.3555756e-01   1.1863719e+01
   3.3637967e-01   1.1861356e+01
   3.3697550e-01   1.1859633e+01
   3.3801472e-01   1.1856613e+01
   3.3876836e-01   1.1854390e+01
   3.4008344e-01   1.1850484e+01
   3.4103789e-01   1.1847596e+01
   3.4172987e-01   1.1845481e+01
   3.4293711e-01   1.1841779e+01
   3.4381299e-01   1.1839054e+01
   3.4444784e-01   1.1837091e+01
   3.4555522e-01   1.1833571e+01
   3.4635839e-01   1.1831003e+01
   3.4694042e-01   1.1829144e+01
   3.4795547e-01   1.1825848e+01
   3.4869147e-01   1.1823439e+01
   3.4997562e-01   1.1819186e+01
   3.5090744e-01   1.1816074e+01
   3.5158292e-01   1.1813831e+01
   3.5276123e-01   1.1809805e+01
   3.5361597e-01   1.1806853e+01
   3.5423542e-01   1.1804731e+01
   3.5531583e-01   1.1800949e+01
   3.5609931e-01   1.1798181e+01
   3.5746642e-01   1.1793307e+01
   3.5845859e-01   1.1789726e+01
   3.5917789e-01   1.1787127e+01
   3.6043276e-01   1.1782513e+01
   3.6134317e-01   1.1779158e+01
   3.6200302e-01   1.1776664e+01
   3.6315398e-01   1.1772322e+01
   3.6398873e-01   1.1769157e+01
   3.6459362e-01   1.1766823e+01
   3.6564853e-01   1.1762734e+01
   3.6641341e-01   1.1759763e+01
   3.6774790e-01   1.1754508e+01
   3.6871620e-01   1.1750670e+01
   3.6941810e-01   1.1747824e+01
   3.7064248e-01   1.1742870e+01
   3.7153060e-01   1.1739245e+01
   3.7217423e-01   1.1736586e+01
   3.7329677e-01   1.1731908e+01
   3.7411078e-01   1.1728502e+01
   3.7553111e-01   1.1722482e+01
   3.7656186e-01   1.1718053e+01
   3.7730911e-01   1.1714838e+01
   3.7861269e-01   1.1709150e+01
   3.7955840e-01   1.1704976e+01
   3.8024382e-01   1.1701936e+01
   3.8143934e-01   1.1696577e+01
   3.8230638e-01   1.1692666e+01
   3.8293465e-01   1.1689804e+01
   3.8403031e-01   1.1684756e+01
   3.8482471e-01   1.1681106e+01
   3.8621066e-01   1.1674636e+01
   3.8721626e-01   1.1669874e+01
   3.8794517e-01   1.1666416e+01
   3.8921664e-01   1.1660300e+01
   3.9013887e-01   1.1655841e+01
   3.9080720e-01   1.1652577e+01
   3.9197280e-01   1.1646833e+01
   3.9281800e-01   1.1642654e+01
   3.9429273e-01   1.1635248e+01
   3.9536290e-01   1.1629838e+01
   3.9613869e-01   1.1625863e+01
   3.9749205e-01   1.1618911e+01
   3.9847381e-01   1.1613786e+01
   3.9918535e-01   1.1610051e+01
   4.0042640e-01   1.1603511e+01
   4.0132641e-01   1.1598692e+01
   4.0197856e-01   1.1595181e+01
   4.0311584e-01   1.1589053e+01
   4.0394037e-01   1.1584541e+01
   4.0537887e-01   1.1576640e+01
   4.0642256e-01   1.1570827e+01
   4.0717904e-01   1.1566576e+01
   4.0849858e-01   1.1559134e+01
   4.0945565e-01   1.1553666e+01
   4.1014919e-01   1.1549671e+01
   4.1135875e-01   1.1542695e+01
   4.1223579e-01   1.1537564e+01
   4.1376602e-01   1.1528551e+01
   4.1487642e-01   1.1521945e+01
   4.1568134e-01   1.1517115e+01
   4.1708549e-01   1.1508612e+01
   4.1810405e-01   1.1502385e+01
   4.1884223e-01   1.1497856e+01
   4.2012972e-01   1.1489871e+01
   4.2106338e-01   1.1484028e+01
   4.2173988e-01   1.1479775e+01
   4.2291960e-01   1.1472296e+01
   4.2377488e-01   1.1466828e+01
   4.2526698e-01   1.1457209e+01
   4.2634950e-01   1.1450169e+01
   4.2713410e-01   1.1445027e+01
   4.2850267e-01   1.1435988e+01
   4.2949524e-01   1.1429367e+01
   4.3021450e-01   1.1424540e+01
   4.3146886e-01   1.1416062e+01
   4.3237836e-01   1.1409869e+01
   4.3396517e-01   1.1398966e+01
   4.3511657e-01   1.1390956e+01
   4.3595118e-01   1.1385143e+01
   4.3740708e-01   1.1374855e+01
   4.3846314e-01   1.1367331e+01
   4.3922847e-01   1.1361863e+01
   4.4056328e-01   1.1352219e+01
   4.4153121e-01   1.1345164e+01
   4.4223252e-01   1.1340043e+01
   4.4345549e-01   1.1331015e+01
   4.4434209e-01   1.1324451e+01
   4.4588878e-01   1.1312848e+01
   4.4701085e-01   1.1304358e+01
   4.4782409e-01   1.1298188e+01
   4.4924257e-01   1.1287293e+01
   4.5027130e-01   1.1279324e+01
   4.5101673e-01   1.1273540e+01
   4.5231672e-01   1.1263342e+01
   4.5325925e-01   1.1255893e+01
   4.5490366e-01   1.1242798e+01
   4.5609679e-01   1.1233224e+01
   4.5696162e-01   1.1226200e+01
   4.5847019e-01   1.1213889e+01
   4.5956441e-01   1.1204893e+01
   4.6035736e-01   1.1198308e+01
   4.6174031e-01   1.1186777e+01
   4.6274311e-01   1.1178361e+01
   4.6346966e-01   1.1172197e+01
   4.6473662e-01   1.1161420e+01
   4.6565507e-01   1.1153565e+01
   4.6725728e-01   1.1139721e+01
   4.6841957e-01   1.1129589e+01
   4.6926193e-01   1.1122207e+01
   4.7073116e-01   1.1109232e+01
   4.7179666e-01   1.1099737e+01
   4.7256870e-01   1.1092823e+01
   4.7391506e-01   1.1080701e+01
   4.7489118e-01   1.1071833e+01
   4.7659414e-01   1.1056263e+01
   4.7782967e-01   1.1044847e+01
   4.7872521e-01   1.1036524e+01
   4.8028730e-01   1.1021903e+01
   4.8142028e-01   1.1011208e+01
   4.8224129e-01   1.1003410e+01
   4.8367315e-01   1.0989727e+01
   4.8471137e-01   1.0979738e+01
   4.8546356e-01   1.0972464e+01
   4.8677519e-01   1.0959698e+01
   4.8772599e-01   1.0950394e+01
   4.8938458e-01   1.0934018e+01
   4.9058770e-01   1.0922045e+01
   4.9145963e-01   1.0913330e+01
   4.9298039e-01   1.0897996e+01
   4.9408320e-01   1.0886796e+01
   4.9488225e-01   1.0878651e+01
   4.9627568e-01   1.0864331e+01
   4.9728588e-01   1.0853901e+01
   4.9904824e-01   1.0835548e+01
   5.0032680e-01   1.0822118e+01
   5.0125350e-01   1.0812337e+01
   5.0286988e-01   1.0795153e+01
   5.0404217e-01   1.0782588e+01
   5.0489165e-01   1.0773443e+01
   5.0637311e-01   1.0757388e+01
   5.0744724e-01   1.0745666e+01
   5.0822543e-01   1.0737138e+01
   5.0958235e-01   1.0722181e+01
   5.1056594e-01   1.0711286e+01
   5.1228169e-01   1.0692125e+01
   5.1352620e-01   1.0678128e+01
   5.1442809e-01   1.0667930e+01
   5.1600107e-01   1.0650023e+01
   5.1714168e-01   1.0636964e+01
   5.1796810e-01   1.0627453e+01
   5.1940922e-01   1.0610774e+01
   5.2045394e-01   1.0598604e+01
   5.2121074e-01   1.0589759e+01
   5.2253026e-01   1.0574246e+01
   5.2348660e-01   1.0562943e+01
   5.2515464e-01   1.0543119e+01
   5.2636434e-01   1.0528631e+01
   5.2724089e-01   1.0518089e+01
   5.2876952e-01   1.0499598e+01
   5.2987780e-01   1.0486113e+01
   5.3068070e-01   1.0476295e+01
   5.3208069e-01   1.0459114e+01
   5.3309544e-01   1.0446571e+01
   5.3486550e-01   1.0424577e+01
   5.3614935e-01   1.0408514e+01
   5.3707971e-01   1.0396818e+01
   5.3870228e-01   1.0376307e+01
   5.3987880e-01   1.0361348e+01
   5.4073121e-01   1.0350452e+01
   5.4221760e-01   1.0331370e+01
   5.4329510e-01   1.0317472e+01
   5.4407561e-01   1.0307354e+01
   5.4543645e-01   1.0289642e+01
   5.4642269e-01   1.0276744e+01
   5.4814284e-01   1.0254125e+01
   5.4939027e-01   1.0237623e+01
   5.5029412e-01   1.0225619e+01
   5.5187031e-01   1.0204571e+01
   5.5301303e-01   1.0189232e+01
   5.5384084e-01   1.0178080e+01
   5.5528423e-01   1.0158530e+01
   5.5633041e-01   1.0144311e+01
   5.5815521e-01   1.0119349e+01
   5.5947869e-01   1.0101142e+01
   5.6043773e-01   1.0087899e+01
   5.6211027e-01   1.0064678e+01
   5.6332297e-01   1.0047751e+01
   5.6420155e-01   1.0035438e+01
   5.6573354e-01   1.0013879e+01
   5.6684405e-01   9.9981789e+00
   5.6764844e-01   9.9867693e+00
   5.6905088e-01   9.9667984e+00
   5.7006723e-01   9.9522639e+00
   5.7183983e-01   9.9267904e+00
   5.7312522e-01   9.9082195e+00
   5.7405655e-01   9.8947170e+00
   5.7568061e-01   9.8710641e+00
   5.7685797e-01   9.8538398e+00
   5.7771085e-01   9.8413219e+00
   5.7919791e-01   9.8194092e+00
   5.8027569e-01   9.8034709e+00
   5.8105629e-01   9.7918828e+00
   5.8241715e-01   9.7716215e+00
   5.8340324e-01   9.7568888e+00
   5.8512291e-01   9.7310766e+00
   5.8636971e-01   9.7122821e+00
   5.8727296e-01   9.6986182e+00
   5.8884794e-01   9.6747100e+00
   5.8998954e-01   9.6573127e+00
   5.9081643e-01   9.6446745e+00
   5.9225806e-01   9.6225681e+00
   5.9330276e-01   9.6064857e+00
   5.9512477e-01   9.5783269e+00
   5.9644591e-01   9.5578163e+00
   5.9740310e-01   9.5429181e+00
   5.9907221e-01   9.5168308e+00
   6.0028217e-01   9.4978541e+00
   6.0115864e-01   9.4840675e+00
   6.0268678e-01   9.4599465e+00
   6.0379428e-01   9.4424098e+00
   6.0459638e-01   9.4296761e+00
   6.0599469e-01   9.4074213e+00
   6.0700787e-01   9.3912394e+00
   6.0877473e-01   9.3629314e+00
   6.1005568e-01   9.3423288e+00
   6.1098363e-01   9.3273609e+00
   6.1260164e-01   9.3011907e+00
   6.1377437e-01   9.2821590e+00
   6.1462378e-01   9.2683389e+00
   6.1610464e-01   9.2441905e+00
   6.1717772e-01   9.2266347e+00
   6.1795482e-01   9.2138941e+00
   6.1930945e-01   9.1916405e+00
   6.2029086e-01   9.1754734e+00
   6.2200216e-01   9.1472034e+00
   6.2324264e-01   9.1266456e+00
   6.2414118e-01   9.1117207e+00
   6.2570777e-01   9.0856330e+00
   6.2684308e-01   9.0666771e+00
   6.2766529e-01   9.0529252e+00
   6.2909863e-01   9.0288907e+00
   6.3013715e-01   9.0114336e+00
   6.3194814e-01   8.9809148e+00
   6.3326101e-01   8.9587219e+00
   6.3421206e-01   8.9426160e+00
   6.3587028e-01   8.9144583e+00
   6.3707210e-01   8.8939974e+00
   6.3794255e-01   8.8791629e+00
   6.3946004e-01   8.8532226e+00
   6.4055962e-01   8.8343978e+00
   6.4135589e-01   8.8207384e+00
   6.4274389e-01   8.7968870e+00
   6.4374944e-01   8.7795670e+00
   6.4550278e-01   8.7493135e+00
   6.4677366e-01   8.7273333e+00
   6.4769419e-01   8.7113816e+00
   6.4929907e-01   8.6835233e+00
   6.5046208e-01   8.6632935e+00
   6.5130433e-01   8.6486246e+00
   6.5277255e-01   8.6230137e+00
   6.5383630e-01   8.6044184e+00
   6.5460654e-01   8.5909426e+00
   6.5594910e-01   8.5674139e+00
   6.5692162e-01   8.5503421e+00
   6.5861722e-01   8.5205321e+00
   6.5984608e-01   8.4988919e+00
   6.6073607e-01   8.4831937e+00
   6.6228760e-01   8.4557924e+00
   6.6341180e-01   8.4359106e+00
   6.6422586e-01   8.4214909e+00
   6.6564486e-01   8.3963303e+00
   6.6667282e-01   8.3780759e+00
   6.6846518e-01   8.3462074e+00
   6.6976429e-01   8.3230747e+00
   6.7070522e-01   8.3062949e+00
   6.7234563e-01   8.2770047e+00
   6.7353433e-01   8.2557548e+00
   6.7439515e-01   8.2403516e+00
   6.7589572e-01   8.2134757e+00
   6.7698285e-01   8.1939764e+00
   6.7777001e-01   8.1798484e+00
   6.7914201e-01   8.1552078e+00
   6.8013582e-01   8.1373393e+00
   6.8186848e-01   8.1061545e+00
   6.8312414e-01   8.0835298e+00
   6.8403352e-01   8.0671266e+00
   6.8561879e-01   8.0385211e+00
   6.8676738e-01   8.0177727e+00
   6.8759908e-01   8.0027370e+00
   6.8904879e-01   7.9765154e+00
   6.9009895e-01   7.9575007e+00
   6.9192997e-01   7.9243339e+00
   6.9325703e-01   7.9002739e+00
   6.9421817e-01   7.8828346e+00
   6.9589377e-01   7.8524179e+00
   6.9710790e-01   7.8303594e+00
   6.9798712e-01   7.8143834e+00
   6.9951971e-01   7.7865166e+00
   7.0062999e-01   7.7663228e+00
   7.0143389e-01   7.7516985e+00
   7.0283503e-01   7.7261868e+00
   7.0384990e-01   7.7077032e+00
   7.0561925e-01   7.6754731e+00
   7.0690142e-01   7.6521056e+00
   7.0782997e-01   7.6351817e+00
   7.0944861e-01   7.6056672e+00
   7.1062133e-01   7.5842795e+00
   7.1147048e-01   7.5687937e+00
   7.1295056e-01   7.5417891e+00
   7.1402268e-01   7.5222303e+00
   7.1479887e-01   7.5080642e+00
   7.1615165e-01   7.4833773e+00
   7.1713140e-01   7.4654954e+00
   7.1883937e-01   7.4343192e+00
   7.2007690e-01   7.4117441e+00
   7.2097303e-01   7.3953831e+00
   7.2253507e-01   7.3668818e+00
   7.2366663e-01   7.3462256e+00
   7.2448591e-01   7.3312807e+00
   7.2591384e-01   7.3052305e+00
   7.2694807e-01   7.2863693e+00
   7.2875112e-01   7.2534897e+00
   7.3005765e-01   7.2296705e+00
   7.3100380e-01   7.2124241e+00
   7.3265309e-01   7.1823715e+00
   7.3384796e-01   7.1606120e+00
   7.3471312e-01   7.1448573e+00
   7.3622106e-01   7.1174113e+00
   7.3731333e-01   7.0975405e+00
   7.3810408e-01   7.0831576e+00
   7.3948221e-01   7.0580993e+00
   7.4048027e-01   7.0399592e+00
   7.4222013e-01   7.0083613e+00
   7.4348071e-01   6.9854793e+00
   7.4439350e-01   6.9689235e+00
   7.4598453e-01   6.9400718e+00
   7.4713706e-01   6.9191898e+00
   7.4797148e-01   6.9040757e+00
   7.4942577e-01   6.8777550e+00
   7.5047906e-01   6.8587142e+00
   7.5231528e-01   6.8255232e+00
   7.5364578e-01   6.8015010e+00
   7.5460925e-01   6.7841199e+00
   7.5628870e-01   6.7538448e+00
   7.5750536e-01   6.7319373e+00
   7.5838626e-01   6.7160795e+00
   7.5992162e-01   6.6884805e+00
   7.6103370e-01   6.6685019e+00
   7.6183877e-01   6.6540535e+00
   7.6324183e-01   6.6288864e+00
   7.6425790e-01   6.6106808e+00
   7.6602912e-01   6.5789780e+00
   7.6731235e-01   6.5560377e+00
   7.6824152e-01   6.5394462e+00
   7.6986105e-01   6.5105569e+00
   7.7103417e-01   6.4896519e+00
   7.7188348e-01   6.4745295e+00
   7.7336368e-01   6.4482171e+00
   7.7443569e-01   6.4291739e+00
   7.7630449e-01   6.3960255e+00
   7.7765854e-01   6.3720504e+00
   7.7863903e-01   6.3547063e+00
   7.8034810e-01   6.3245247e+00
   7.8158616e-01   6.3026880e+00
   7.8248253e-01   6.2869059e+00
   7.8404481e-01   6.2594138e+00
   7.8517634e-01   6.2395428e+00
   7.8599547e-01   6.2251651e+00
   7.8742300e-01   6.2001553e+00
   7.8845676e-01   6.1820599e+00
   7.9025875e-01   6.1505810e+00
   7.9156422e-01   6.1278073e+00
   7.9250945e-01   6.1113495e+00
   7.9415695e-01   6.0826979e+00
   7.9535028e-01   6.0619888e+00
   7.9621420e-01   6.0470090e+00
   7.9771982e-01   6.0209516e+00
   7.9881020e-01   6.0021091e+00
   8.0071097e-01   5.9693320e+00
   8.0208811e-01   5.9456369e+00
   8.0308529e-01   5.9285025e+00
   8.0482340e-01   5.8986920e+00
   8.0608245e-01   5.8771511e+00
   8.0699399e-01   5.8615835e+00
   8.0858266e-01   5.8344739e+00
   8.0973326e-01   5.8148973e+00
   8.1173910e-01   5.7808335e+00
   8.1319248e-01   5.7562047e+00
   8.1424492e-01   5.7384090e+00
   8.1607943e-01   5.7074565e+00
   8.1740840e-01   5.6850950e+00
   8.1837061e-01   5.6689219e+00
   8.2004767e-01   5.6408131e+00
   8.2126235e-01   5.6204875e+00
   8.2214170e-01   5.6057951e+00
   8.2367419e-01   5.5802549e+00
   8.2478398e-01   5.5618012e+00
   8.2671853e-01   5.5297043e+00
   8.2812008e-01   5.5065202e+00
   8.2913490e-01   5.4897600e+00
   8.3090371e-01   5.4606304e+00
   8.3218494e-01   5.4395738e+00
   8.3311251e-01   5.4243669e+00
   8.3472908e-01   5.3979198e+00
   8.3589984e-01   5.3788094e+00
   8.3794076e-01   5.3455966e+00
   8.3941949e-01   5.3216046e+00
   8.4049024e-01   5.3042717e+00
   8.4235663e-01   5.2741425e+00
   8.4370863e-01   5.2523830e+00
   8.4468749e-01   5.2366706e+00
   8.4639351e-01   5.2093377e+00
   8.4762912e-01   5.1895952e+00
   8.4852359e-01   5.1753366e+00
   8.5008240e-01   5.1505513e+00
   8.5121121e-01   5.1326339e+00
   8.5317886e-01   5.1015183e+00
   8.5460432e-01   5.0790405e+00
   8.5563642e-01   5.0628236e+00
   8.5743530e-01   5.0346027e+00
   8.5873826e-01   5.0142290e+00
   8.5968152e-01   4.9995225e+00
   8.6132542e-01   4.9739396e+00
   8.6251592e-01   4.9554821e+00
   8.6459120e-01   4.9234008e+00
   8.6609475e-01   4.9002337e+00
   8.6718344e-01   4.8835060e+00
   8.6908103e-01   4.8544624e+00
   8.7045558e-01   4.8334775e+00
   8.7145073e-01   4.8183263e+00
   8.7318510e-01   4.7920060e+00
   8.7444120e-01   4.7730203e+00
   8.7663093e-01   4.7400073e+00
   8.7821752e-01   4.7161953e+00
   8.7936640e-01   4.6989986e+00
   8.8136900e-01   4.6691302e+00
   8.8281971e-01   4.6475864e+00
   8.8387005e-01   4.6320255e+00
   8.8570068e-01   4.6050051e+00
   8.8702657e-01   4.5854931e+00
   8.8933808e-01   4.5516409e+00
   8.9101305e-01   4.5271981e+00
   8.9222599e-01   4.5095941e+00
   8.9434034e-01   4.4789655e+00
   8.9587212e-01   4.4568692e+00
   8.9698121e-01   4.4409515e+00
   8.9891432e-01   4.4132551e+00
   9.0031452e-01   4.3932717e+00
   9.0132821e-01   4.3788760e+00
   9.0309486e-01   4.3538204e+00
   9.0437428e-01   4.3357723e+00
   9.0660460e-01   4.3043932e+00
   9.0822052e-01   4.2817642e+00
   9.0939060e-01   4.2654607e+00
   9.1143008e-01   4.2371099e+00
   9.1290744e-01   4.2166952e+00
   9.1397704e-01   4.2019534e+00
   9.1584120e-01   4.1763206e+00
   9.1719132e-01   4.1578319e+00
   9.1954500e-01   4.1258068e+00
   9.2125042e-01   4.1026754e+00
   9.2248538e-01   4.0859992e+00
   9.2463804e-01   4.0570966e+00
   9.2619750e-01   4.0362229e+00
   9.2732659e-01   4.0211487e+00
   9.2929451e-01   3.9951182e+00
   9.3071987e-01   3.9762248e+00
   9.3320484e-01   3.9435391e+00
   9.3500554e-01   3.9200499e+00
   9.3630956e-01   3.9031311e+00
   9.3858271e-01   3.8735393e+00
   9.4022958e-01   3.8523482e+00
   9.4142202e-01   3.8370180e+00
   9.4350043e-01   3.8104103e+00
   9.4500593e-01   3.7912070e+00
   9.4763072e-01   3.7580459e+00
   9.4953290e-01   3.7341005e+00
   9.5091050e-01   3.7168493e+00
   9.5331201e-01   3.6869155e+00
   9.5505200e-01   3.6653506e+00
   9.5631194e-01   3.6498390e+00
   9.5850809e-01   3.6228583e+00
   9.6009898e-01   3.6034745e+00
   9.6287278e-01   3.5697824e+00
   9.6488313e-01   3.5455254e+00
   9.6633916e-01   3.5280994e+00
   9.6887751e-01   3.4977919e+00
   9.7071678e-01   3.4759921e+00
   9.7204870e-01   3.4602903e+00
   9.7437039e-01   3.4330049e+00
   9.7605234e-01   3.4133972e+00
   9.7898508e-01   3.3793688e+00
   9.8111080e-01   3.3549289e+00
   9.8265049e-01   3.3372913e+00
   9.8533481e-01   3.3067523e+00
   9.8728002e-01   3.2847551e+00
   9.9067249e-01   3.2467209e+00
   9.9313233e-01   3.2193917e+00
   9.9491448e-01   3.1996907e+00
   9.9802210e-01   3.1656073e+00
