   1.3022988e+00   5.2028371e-02
   1.3039580e+00   5.1924017e-02
   1.3051560e+00   5.1847994e-02
   1.3060213e+00   5.1792730e-02
   1.3066464e+00   5.1752617e-02
   1.3070980e+00   5.1723534e-02
   1.3074245e+00   5.1702464e-02
   1.3076604e+00   5.1687209e-02
   1.3080710e+00   5.1660606e-02
   1.3083677e+00   5.1641337e-02
   1.3088841e+00   5.1607721e-02
   1.3092572e+00   5.1583361e-02
   1.3095269e+00   5.1565720e-02
   1.3099961e+00   5.1534949e-02
   1.3103353e+00   5.1512656e-02
   1.3105803e+00   5.1496515e-02
   1.3110068e+00   5.1468365e-02
   1.3113151e+00   5.1447974e-02
   1.3118514e+00   5.1412401e-02
   1.3122389e+00   5.1386620e-02
   1.3125189e+00   5.1367950e-02
   1.3130062e+00   5.1335383e-02
   1.3133583e+00   5.1311787e-02
   1.3136128e+00   5.1294701e-02
   1.3140556e+00   5.1264904e-02
   1.3143756e+00   5.1243320e-02
   1.3146069e+00   5.1227693e-02
   1.3150093e+00   5.1200444e-02
   1.3153002e+00   5.1180709e-02
   1.3158062e+00   5.1146284e-02
   1.3161718e+00   5.1121340e-02
   1.3164360e+00   5.1103278e-02
   1.3168958e+00   5.1071777e-02
   1.3172280e+00   5.1048958e-02
   1.3174680e+00   5.1032436e-02
   1.3178858e+00   5.1003626e-02
   1.3181877e+00   5.0982759e-02
   1.3187129e+00   5.0946359e-02
   1.3190923e+00   5.0919983e-02
   1.3193665e+00   5.0900884e-02
   1.3198436e+00   5.0867572e-02
   1.3201883e+00   5.0843439e-02
   1.3204374e+00   5.0825966e-02
   1.3208709e+00   5.0795497e-02
   1.3211840e+00   5.0773428e-02
   1.3217289e+00   5.0734929e-02
   1.3221225e+00   5.0707031e-02
   1.3224069e+00   5.0686829e-02
   1.3229017e+00   5.0651593e-02
   1.3232592e+00   5.0626065e-02
   1.3235175e+00   5.0607582e-02
   1.3239669e+00   5.0575350e-02
   1.3242916e+00   5.0552004e-02
   1.3245263e+00   5.0535102e-02
   1.3249346e+00   5.0505633e-02
   1.3252296e+00   5.0484292e-02
   1.3257428e+00   5.0447069e-02
   1.3261135e+00   5.0420101e-02
   1.3263814e+00   5.0400574e-02
   1.3268474e+00   5.0366522e-02
   1.3271841e+00   5.0341857e-02
   1.3274274e+00   5.0324000e-02
   1.3278506e+00   5.0292865e-02
   1.3281565e+00   5.0270316e-02
   1.3286884e+00   5.0230987e-02
   1.3290727e+00   5.0202492e-02
   1.3293503e+00   5.0181859e-02
   1.3298332e+00   5.0145878e-02
   1.3301821e+00   5.0119815e-02
   1.3304342e+00   5.0100945e-02
   1.3308728e+00   5.0068044e-02
   1.3311896e+00   5.0044217e-02
   1.3314185e+00   5.0026969e-02
   1.3318168e+00   4.9996899e-02
   1.3321045e+00   4.9975125e-02
   1.3326051e+00   4.9937153e-02
   1.3329666e+00   4.9909647e-02
   1.3332278e+00   4.9889733e-02
   1.3336822e+00   4.9855010e-02
   1.3340105e+00   4.9829863e-02
   1.3342476e+00   4.9811659e-02
   1.3346602e+00   4.9779923e-02
   1.3349583e+00   4.9756943e-02
   1.3354767e+00   4.9716866e-02
   1.3358511e+00   4.9687834e-02
   1.3361216e+00   4.9666816e-02
   1.3365921e+00   4.9630167e-02
   1.3369320e+00   4.9603625e-02
   1.3371775e+00   4.9584411e-02
   1.3376046e+00   4.9550913e-02
   1.3379132e+00   4.9526657e-02
   1.3384498e+00   4.9484356e-02
   1.3388373e+00   4.9453713e-02
   1.3391172e+00   4.9431528e-02
   1.3396040e+00   4.9392845e-02
   1.3399557e+00   4.9364828e-02
   1.3402097e+00   4.9344548e-02
   1.3406516e+00   4.9309191e-02
   1.3409707e+00   4.9283589e-02
   1.3412013e+00   4.9265058e-02
   1.3416024e+00   4.9232755e-02
   1.3418921e+00   4.9209369e-02
   1.3423959e+00   4.9168590e-02
   1.3427598e+00   4.9139057e-02
   1.3430226e+00   4.9117678e-02
   1.3434797e+00   4.9080406e-02
   1.3438099e+00   4.9053417e-02
   1.3440484e+00   4.9033883e-02
   1.3444632e+00   4.8999832e-02
   1.3447629e+00   4.8975179e-02
   1.3452839e+00   4.8932193e-02
   1.3456601e+00   4.8901061e-02
   1.3459319e+00   4.8878525e-02
   1.3464045e+00   4.8839237e-02
   1.3467458e+00   4.8810788e-02
   1.3469923e+00   4.8790197e-02
   1.3474211e+00   4.8754305e-02
   1.3477307e+00   4.8728320e-02
   1.3479544e+00   4.8709514e-02
   1.3483435e+00   4.8676737e-02
   1.3486245e+00   4.8653011e-02
   1.3491132e+00   4.8611648e-02
   1.3494661e+00   4.8581697e-02
   1.3497209e+00   4.8560020e-02
   1.3501641e+00   4.8522233e-02
   1.3504842e+00   4.8494877e-02
   1.3507154e+00   4.8475079e-02
   1.3511175e+00   4.8440574e-02
   1.3514079e+00   4.8415597e-02
   1.3519128e+00   4.8372055e-02
   1.3522774e+00   4.8340527e-02
   1.3525406e+00   4.8317708e-02
   1.3529985e+00   4.8277933e-02
   1.3533290e+00   4.8249137e-02
   1.3535678e+00   4.8228299e-02
   1.3539830e+00   4.8191980e-02
   1.3542829e+00   4.8165691e-02
   1.3548041e+00   4.8119863e-02
   1.3551804e+00   4.8086681e-02
   1.3554522e+00   4.8062665e-02
   1.3559247e+00   4.8020806e-02
   1.3562658e+00   4.7990502e-02
   1.3565122e+00   4.7968573e-02
   1.3569406e+00   4.7930355e-02
   1.3572499e+00   4.7902692e-02
   1.3574733e+00   4.7882675e-02
   1.3578619e+00   4.7847794e-02
   1.3581424e+00   4.7822550e-02
   1.3586302e+00   4.7778550e-02
   1.3589823e+00   4.7746698e-02
   1.3592366e+00   4.7723649e-02
   1.3596787e+00   4.7683481e-02
   1.3599979e+00   4.7654407e-02
   1.3602284e+00   4.7633370e-02
   1.3606293e+00   4.7596713e-02
   1.3609187e+00   4.7570184e-02
   1.3614219e+00   4.7523947e-02
   1.3617850e+00   4.7490478e-02
   1.3620472e+00   4.7466258e-02
   1.3625031e+00   4.7424053e-02
   1.3628322e+00   4.7393506e-02
   1.3630699e+00   4.7371405e-02
   1.3634831e+00   4.7332893e-02
   1.3637814e+00   4.7305023e-02
   1.3642999e+00   4.7256453e-02
   1.3646740e+00   4.7221296e-02
   1.3649442e+00   4.7195858e-02
   1.3654138e+00   4.7151529e-02
   1.3657528e+00   4.7119448e-02
   1.3659976e+00   4.7096237e-02
   1.3664231e+00   4.7055794e-02
   1.3667303e+00   4.7026529e-02
   1.3672641e+00   4.6975530e-02
   1.3676493e+00   4.6938618e-02
   1.3679274e+00   4.6911911e-02
   1.3684107e+00   4.6865375e-02
   1.3687595e+00   4.6831699e-02
   1.3690113e+00   4.6807335e-02
   1.3694491e+00   4.6764888e-02
   1.3697650e+00   4.6734173e-02
   1.3699932e+00   4.6711954e-02
   1.3703899e+00   4.6673247e-02
   1.3706762e+00   4.6645242e-02
   1.3711738e+00   4.6596448e-02
   1.3715329e+00   4.6561141e-02
   1.3717921e+00   4.6535598e-02
   1.3722427e+00   4.6491100e-02
   1.3725678e+00   4.6458904e-02
   1.3728026e+00   4.6435615e-02
   1.3732107e+00   4.6395045e-02
   1.3735052e+00   4.6365695e-02
   1.3740171e+00   4.6314562e-02
   1.3743863e+00   4.6277565e-02
   1.3746529e+00   4.6250803e-02
   1.3751161e+00   4.6204182e-02
   1.3754504e+00   4.6170454e-02
   1.3756917e+00   4.6146057e-02
   1.3761111e+00   4.6103563e-02
   1.3764138e+00   4.6072822e-02
   1.3769397e+00   4.6019273e-02
   1.3773191e+00   4.5980532e-02
   1.3775929e+00   4.5952510e-02
   1.3780687e+00   4.5903700e-02
   1.3784119e+00   4.5868392e-02
   1.3786597e+00   4.5842854e-02
   1.3790903e+00   4.5798376e-02
   1.3794011e+00   4.5766205e-02
   1.3796254e+00   4.5742937e-02
   1.3800154e+00   4.5702416e-02
   1.3802968e+00   4.5673108e-02
   1.3807857e+00   4.5622064e-02
   1.3811384e+00   4.5585143e-02
   1.3813930e+00   4.5558442e-02
   1.3818353e+00   4.5511941e-02
   1.3821545e+00   4.5478309e-02
   1.3823849e+00   4.5453988e-02
   1.3827853e+00   4.5411635e-02
   1.3830742e+00   4.5381005e-02
   1.3835762e+00   4.5327665e-02
   1.3839382e+00   4.5289088e-02
   1.3841994e+00   4.5261192e-02
   1.3846534e+00   4.5212615e-02
   1.3849808e+00   4.5177486e-02
   1.3852172e+00   4.5152085e-02
   1.3856279e+00   4.5107854e-02
   1.3859243e+00   4.5075871e-02
   1.3864390e+00   4.5020180e-02
   1.3868102e+00   4.4979909e-02
   1.3870780e+00   4.4950791e-02
   1.3875433e+00   4.4900093e-02
   1.3878789e+00   4.4863435e-02
   1.3881211e+00   4.4836931e-02
   1.3885419e+00   4.4790785e-02
   1.3888455e+00   4.4757421e-02
   1.3893728e+00   4.4699336e-02
   1.3897529e+00   4.4657341e-02
   1.3900271e+00   4.4626980e-02
   1.3905035e+00   4.4574124e-02
   1.3908470e+00   4.4535913e-02
   1.3910949e+00   4.4508289e-02
   1.3915256e+00   4.4460199e-02
   1.3918363e+00   4.4425436e-02
   1.3920605e+00   4.4400304e-02
   1.3924501e+00   4.4356556e-02
   1.3927311e+00   4.4324931e-02
   1.3932193e+00   4.4269885e-02
   1.3935712e+00   4.4230096e-02
   1.3938251e+00   4.4201334e-02
   1.3942663e+00   4.4151273e-02
   1.3945844e+00   4.4115088e-02
   1.3948140e+00   4.4088933e-02
   1.3952128e+00   4.4043409e-02
   1.3955005e+00   4.4010505e-02
   1.3960001e+00   4.3953241e-02
   1.3963603e+00   4.3911857e-02
   1.3966201e+00   4.3881947e-02
   1.3970714e+00   4.3829894e-02
   1.3973968e+00   4.3792277e-02
   1.3976316e+00   4.3765090e-02
   1.3980395e+00   4.3717776e-02
   1.3983337e+00   4.3683585e-02
   1.3988444e+00   4.3624092e-02
   1.3992125e+00   4.3581106e-02
   1.3994781e+00   4.3550043e-02
   1.3999392e+00   4.3495993e-02
   1.4002717e+00   4.3456941e-02
   1.4005115e+00   4.3428721e-02
   1.4009282e+00   4.3379617e-02
   1.4012286e+00   4.3344139e-02
   1.4017501e+00   4.3282421e-02
   1.4021259e+00   4.3237838e-02
   1.4023970e+00   4.3205626e-02
   1.4028676e+00   4.3149590e-02
   1.4032068e+00   4.3109112e-02
   1.4034516e+00   4.3079866e-02
   1.4038766e+00   4.3028987e-02
   1.4041830e+00   4.2992235e-02
   1.4047148e+00   4.2928315e-02
   1.4050980e+00   4.2882154e-02
   1.4053743e+00   4.2848810e-02
   1.4058540e+00   4.2790816e-02
   1.4061997e+00   4.2748934e-02
   1.4064491e+00   4.2718680e-02
   1.4068821e+00   4.2666059e-02
   1.4071942e+00   4.2628057e-02
   1.4074194e+00   4.2600604e-02
   1.4078106e+00   4.2552855e-02
   1.4080926e+00   4.2518369e-02
   1.4085821e+00   4.2458405e-02
   1.4089349e+00   4.2415113e-02
   1.4091893e+00   4.2383845e-02
   1.4096310e+00   4.2329475e-02
   1.4099493e+00   4.2290219e-02
   1.4101790e+00   4.2261866e-02
   1.4105778e+00   4.2212560e-02
   1.4108653e+00   4.2176959e-02
   1.4113642e+00   4.2115073e-02
   1.4117237e+00   4.2070407e-02
   1.4119829e+00   4.2038154e-02
   1.4124329e+00   4.1982085e-02
   1.4127572e+00   4.1941614e-02
   1.4129911e+00   4.1912389e-02
   1.4133972e+00   4.1861580e-02
   1.4136900e+00   4.1824903e-02
   1.4141980e+00   4.1761167e-02
   1.4145638e+00   4.1715181e-02
   1.4148277e+00   4.1681984e-02
   1.4152855e+00   4.1624289e-02
   1.4156154e+00   4.1582659e-02
   1.4158534e+00   4.1552604e-02
   1.4162664e+00   4.1500366e-02
   1.4165642e+00   4.1462669e-02
   1.4170806e+00   4.1397183e-02
   1.4174526e+00   4.1349953e-02
   1.4177207e+00   4.1315868e-02
   1.4181860e+00   4.1256649e-02
   1.4185213e+00   4.1213935e-02
   1.4187630e+00   4.1183106e-02
   1.4191826e+00   4.1129539e-02
   1.4194850e+00   4.1090897e-02
   1.4200094e+00   4.1023795e-02
   1.4203870e+00   4.0975421e-02
   1.4206592e+00   4.0940521e-02
   1.4211315e+00   4.0879911e-02
   1.4214717e+00   4.0836211e-02
   1.4217169e+00   4.0804680e-02
   1.4221426e+00   4.0749914e-02
   1.4224493e+00   4.0710422e-02
   1.4229812e+00   4.0641876e-02
   1.4233641e+00   4.0592486e-02
   1.4236400e+00   4.0556867e-02
   1.4241187e+00   4.0495034e-02
   1.4244634e+00   4.0450474e-02
   1.4247120e+00   4.0418333e-02
   1.4251432e+00   4.0362531e-02
   1.4254539e+00   4.0322310e-02
   1.4259926e+00   4.0252536e-02
   1.4263803e+00   4.0202291e-02
   1.4266597e+00   4.0166070e-02
   1.4271442e+00   4.0103224e-02
   1.4274931e+00   4.0057959e-02
   1.4277446e+00   4.0025324e-02
   1.4281810e+00   3.9968688e-02
   1.4284953e+00   3.9927888e-02
   1.4287219e+00   3.9898468e-02
   1.4291152e+00   3.9847402e-02
   1.4293986e+00   3.9810606e-02
   1.4298901e+00   3.9746797e-02
   1.4302438e+00   3.9700865e-02
   1.4304988e+00   3.9667763e-02
   1.4309411e+00   3.9610347e-02
   1.4312597e+00   3.9569008e-02
   1.4314894e+00   3.9539210e-02
   1.4318879e+00   3.9487515e-02
   1.4321750e+00   3.9450285e-02
   1.4326728e+00   3.9385762e-02
   1.4330311e+00   3.9339348e-02
   1.4332893e+00   3.9305916e-02
   1.4337372e+00   3.9247960e-02
   1.4340596e+00   3.9206259e-02
   1.4342921e+00   3.9176215e-02
   1.4346954e+00   3.9124120e-02
   1.4349859e+00   3.9086626e-02
   1.4354896e+00   3.9021691e-02
   1.4358520e+00   3.8975018e-02
   1.4361131e+00   3.8941418e-02
   1.4365660e+00   3.8883211e-02
   1.4368921e+00   3.8841361e-02
   1.4371271e+00   3.8811226e-02
   1.4375348e+00   3.8759008e-02
   1.4378284e+00   3.8721451e-02
   1.4383373e+00   3.8656463e-02
   1.4387035e+00   3.8609794e-02
   1.4389673e+00   3.8576221e-02
   1.4394247e+00   3.8518106e-02
   1.4397539e+00   3.8476359e-02
   1.4399912e+00   3.8446319e-02
   1.4404028e+00   3.8394302e-02
   1.4406992e+00   3.8356923e-02
   1.4412128e+00   3.8292305e-02
   1.4415823e+00   3.8245953e-02
   1.4418485e+00   3.8212635e-02
   1.4423099e+00   3.8155016e-02
   1.4426420e+00   3.8113669e-02
   1.4428813e+00   3.8083940e-02
   1.4432963e+00   3.8032508e-02
   1.4435951e+00   3.7995587e-02
   1.4441129e+00   3.7931835e-02
   1.4444853e+00   3.7886165e-02
   1.4447535e+00   3.7853369e-02
   1.4452184e+00   3.7796718e-02
   1.4455529e+00   3.7756118e-02
   1.4457939e+00   3.7726952e-02
   1.4462119e+00   3.7676552e-02
   1.4465128e+00   3.7640415e-02
   1.4470341e+00   3.7578107e-02
   1.4474089e+00   3.7533543e-02
   1.4476789e+00   3.7501580e-02
   1.4481467e+00   3.7446444e-02
   1.4484833e+00   3.7406991e-02
   1.4487258e+00   3.7378682e-02
   1.4491463e+00   3.7329829e-02
   1.4494489e+00   3.7294853e-02
   1.4499731e+00   3.7234656e-02
   1.4503500e+00   3.7191688e-02
   1.4506213e+00   3.7160914e-02
   1.4510916e+00   3.7107923e-02
   1.4514298e+00   3.7070079e-02
   1.4516735e+00   3.7042964e-02
   1.4520959e+00   3.6996250e-02
   1.4524000e+00   3.6962870e-02
   1.4529265e+00   3.6905547e-02
   1.4533049e+00   3.6864735e-02
   1.4535774e+00   3.6835561e-02
   1.4540495e+00   3.6785435e-02
   1.4543891e+00   3.6749727e-02
   1.4546336e+00   3.6724190e-02
   1.4550576e+00   3.6680292e-02
   1.4553626e+00   3.6649001e-02
   1.4558908e+00   3.6595423e-02
   1.4562704e+00   3.6557404e-02
   1.4565437e+00   3.6530293e-02
   1.4570171e+00   3.6483851e-02
   1.4573576e+00   3.6450877e-02
   1.4576028e+00   3.6427353e-02
   1.4580277e+00   3.6387035e-02
   1.4583334e+00   3.6358392e-02
   1.4588628e+00   3.6309542e-02
   1.4592431e+00   3.6275035e-02
   1.4595169e+00   3.6250512e-02
   1.4599911e+00   3.6208674e-02
   1.4603321e+00   3.6179106e-02
   1.4605776e+00   3.6158086e-02
   1.4610031e+00   3.6122207e-02
   1.4613092e+00   3.6096838e-02
   1.4618390e+00   3.6053818e-02
   1.4622197e+00   3.6023627e-02
   1.4624936e+00   3.6002278e-02
   1.4629681e+00   3.5966072e-02
   1.4633092e+00   3.5940660e-02
   1.4635548e+00   3.5922690e-02
   1.4639804e+00   3.5892208e-02
   1.4642865e+00   3.5870810e-02
   1.4648163e+00   3.5834841e-02
   1.4651968e+00   3.5809859e-02
   1.4654707e+00   3.5792334e-02
   1.4659450e+00   3.5762898e-02
   1.4662858e+00   3.5742472e-02
   1.4665313e+00   3.5728152e-02
   1.4669565e+00   3.5704122e-02
   1.4672623e+00   3.5687462e-02
   1.4677915e+00   3.5659892e-02
   1.4681715e+00   3.5641098e-02
   1.4684450e+00   3.5628107e-02
   1.4689185e+00   3.5606689e-02
   1.4692589e+00   3.5592154e-02
   1.4695038e+00   3.5582144e-02
   1.4699283e+00   3.5565716e-02
   1.4702334e+00   3.5554631e-02
   1.4707615e+00   3.5536922e-02
   1.4711407e+00   3.5525381e-02
   1.4714135e+00   3.5517697e-02
   1.4718859e+00   3.5505645e-02
   1.4722253e+00   3.5497983e-02
   1.4724696e+00   3.5492993e-02
   1.4728928e+00   3.5485407e-02
   1.4731971e+00   3.5480797e-02
   1.4737235e+00   3.5474522e-02
   1.4741015e+00   3.5471374e-02
   1.4743734e+00   3.5469824e-02
   1.4748441e+00   3.5468582e-02
   1.4751823e+00   3.5468836e-02
   1.4754257e+00   3.5469623e-02
   1.4758474e+00   3.5472201e-02
   1.4761505e+00   3.5475021e-02
   1.4766748e+00   3.5481847e-02
   1.4770512e+00   3.5488298e-02
   1.4773220e+00   3.5493754e-02
   1.4777906e+00   3.5504841e-02
   1.4781273e+00   3.5514112e-02
   1.4783696e+00   3.5521470e-02
   1.4787892e+00   3.5535595e-02
   1.4790909e+00   3.5546845e-02
   1.4796127e+00   3.5568510e-02
   1.4799872e+00   3.5585816e-02
   1.4802566e+00   3.5599185e-02
   1.4807228e+00   3.5624177e-02
   1.4810577e+00   3.5643601e-02
   1.4812987e+00   3.5658352e-02
   1.4817160e+00   3.5685449e-02
   1.4820160e+00   3.5706157e-02
   1.4825348e+00   3.5744445e-02
   1.4829071e+00   3.5773890e-02
   1.4831749e+00   3.5796097e-02
   1.4836383e+00   3.5836599e-02
   1.4839711e+00   3.5867332e-02
   1.4842106e+00   3.5890306e-02
   1.4846254e+00   3.5931817e-02
   1.4849234e+00   3.5963021e-02
   1.4854389e+00   3.6019726e-02
   1.4858087e+00   3.6062598e-02
   1.4860747e+00   3.6094570e-02
   1.4865350e+00   3.6152183e-02
   1.4868656e+00   3.6195373e-02
   1.4871034e+00   3.6227398e-02
   1.4875152e+00   3.6284751e-02
   1.4878112e+00   3.6327474e-02
   1.4883229e+00   3.6404364e-02
   1.4886900e+00   3.6461928e-02
   1.4889541e+00   3.6504571e-02
   1.4894109e+00   3.6580860e-02
   1.4897390e+00   3.6637625e-02
   1.4899750e+00   3.6679502e-02
   1.4903836e+00   3.6754082e-02
   1.4906773e+00   3.6809314e-02
   1.4911850e+00   3.6908090e-02
   1.4915492e+00   3.6981557e-02
   1.4918111e+00   3.7035738e-02
   1.4922643e+00   3.7132193e-02
   1.4925896e+00   3.7203596e-02
   1.4931517e+00   3.7331225e-02
   1.4935546e+00   3.7426096e-02
   1.4938441e+00   3.7496032e-02
   1.4943445e+00   3.7620469e-02
   1.4947036e+00   3.7712532e-02
   1.4949618e+00   3.7780180e-02
   1.4954084e+00   3.7900119e-02
   1.4957291e+00   3.7988529e-02
   1.4962830e+00   3.8145815e-02
   1.4966801e+00   3.8262160e-02
   1.4969653e+00   3.8347636e-02
   1.4974585e+00   3.8499151e-02
   1.4978123e+00   3.8610807e-02
   1.4980667e+00   3.8692624e-02
   1.4985067e+00   3.8837242e-02
   1.4988227e+00   3.8943496e-02
   1.4993684e+00   3.9131851e-02
   1.4997595e+00   3.9270652e-02
   1.5000406e+00   3.9372357e-02
   1.5005264e+00   3.9552112e-02
   1.5008749e+00   3.9684167e-02
   1.5014763e+00   3.9918215e-02
   1.5019068e+00   4.0090645e-02
   1.5022160e+00   4.0216965e-02
   1.5027500e+00   4.0440164e-02
   1.5031327e+00   4.0604080e-02
   1.5034077e+00   4.0723900e-02
   1.5038830e+00   4.0935108e-02
   1.5042241e+00   4.1089828e-02
   1.5048125e+00   4.1363183e-02
   1.5052339e+00   4.1563902e-02
   1.5055364e+00   4.1710604e-02
   1.5060589e+00   4.1969146e-02
   1.5064334e+00   4.2158496e-02
   1.5070790e+00   4.2492925e-02
   1.5075408e+00   4.2738392e-02
   1.5078721e+00   4.2917744e-02
   1.5084439e+00   4.3233702e-02
   1.5088532e+00   4.3464996e-02
   1.5091472e+00   4.3633683e-02
   1.5096550e+00   4.3930260e-02
   1.5100189e+00   4.4146913e-02
   1.5106464e+00   4.4528484e-02
   1.5110953e+00   4.4807719e-02
   1.5114173e+00   4.5011317e-02
   1.5119731e+00   4.5369155e-02
   1.5123712e+00   4.5630460e-02
   1.5130567e+00   4.6090451e-02
   1.5135465e+00   4.6426885e-02
   1.5138976e+00   4.6672083e-02
   1.5145031e+00   4.7102814e-02
   1.5149363e+00   4.7417161e-02
   1.5156816e+00   4.7970133e-02
   1.5162134e+00   4.8374246e-02
   1.5165944e+00   4.8668592e-02
   1.5172507e+00   4.9185287e-02
   1.5177198e+00   4.9562069e-02
   1.5185259e+00   5.0224242e-02
   1.5191005e+00   5.0707645e-02
   1.5200850e+00   5.1558089e-02
   1.5207845e+00   5.2179512e-02
   1.5218322e+00   5.3137187e-02
   1.5225758e+00   5.3836478e-02
   1.5235857e+00   5.4812496e-02
   1.5245748e+00   5.5797872e-02
   1.5255439e+00   5.6791723e-02
   1.5264938e+00   5.7793211e-02
   1.5271690e+00   5.8521580e-02
   1.5280874e+00   5.9534395e-02
   1.5287406e+00   6.0270159e-02
   1.5292074e+00   6.0803773e-02
   1.5300094e+00   6.1735873e-02
   1.5305810e+00   6.2411934e-02
   1.5309900e+00   6.2901733e-02
   1.5316940e+00   6.3756351e-02
   1.5321966e+00   6.4375518e-02
   1.5325568e+00   6.4823763e-02
   1.5331775e+00   6.5605254e-02
   1.5336213e+00   6.6170985e-02
   1.5339397e+00   6.6580325e-02
   1.5344891e+00   6.7293580e-02
   1.5348825e+00   6.7809614e-02
   1.5351649e+00   6.8182851e-02
   1.5356527e+00   6.8832930e-02
   1.5360024e+00   6.9303060e-02
   1.5362537e+00   6.9643001e-02
   1.5366882e+00   7.0234910e-02
   1.5369999e+00   7.0662845e-02
   1.5375380e+00   7.1407818e-02
   1.5379235e+00   7.1946268e-02
   1.5382003e+00   7.2335442e-02
   1.5386786e+00   7.3012739e-02
   1.5390216e+00   7.3502129e-02
   1.5392681e+00   7.3855777e-02
   1.5396944e+00   7.4471121e-02
   1.5400005e+00   7.4915659e-02
   1.5402205e+00   7.5236854e-02
   1.5406015e+00   7.5795657e-02
   1.5408751e+00   7.6199297e-02
   1.5413481e+00   7.6901282e-02
   1.5416874e+00   7.7408129e-02
   1.5419313e+00   7.7774193e-02
   1.5423533e+00   7.8410749e-02
   1.5426562e+00   7.8870300e-02
   1.5428742e+00   7.9202182e-02
   1.5432515e+00   7.9779259e-02
   1.5435226e+00   8.0195846e-02
   1.5437177e+00   8.0496691e-02
   1.5440558e+00   8.1019786e-02
   1.5442989e+00   8.1397399e-02
   1.5447196e+00   8.2053664e-02
   1.5450217e+00   8.2527152e-02
   1.5452391e+00   8.2868946e-02
   1.5456155e+00   8.3462952e-02
   1.5458860e+00   8.3891520e-02
   1.5460808e+00   8.4200890e-02
   1.5464183e+00   8.4738559e-02
   1.5466611e+00   8.5126495e-02
   1.5468360e+00   8.5406543e-02
   1.5471391e+00   8.5893275e-02
   1.5473573e+00   8.6244480e-02
   1.5477352e+00   8.6854542e-02
   1.5480068e+00   8.7294457e-02
   1.5482024e+00   8.7611895e-02
   1.5485415e+00   8.8163337e-02
   1.5487854e+00   8.8561013e-02
   1.5489611e+00   8.8847991e-02
   1.5492658e+00   8.9346560e-02
   1.5494851e+00   8.9706142e-02
   1.5498651e+00   9.0330430e-02
   1.5501384e+00   9.0780345e-02
   1.5503352e+00   9.1104863e-02
   1.5506764e+00   9.1668331e-02
   1.5509219e+00   9.2074464e-02
   1.5510988e+00   9.2367432e-02
   1.5514056e+00   9.2876181e-02
   1.5516265e+00   9.3242926e-02
   1.5517858e+00   9.3507510e-02
   1.5520622e+00   9.3967030e-02
   1.5522612e+00   9.4298339e-02
   1.5526064e+00   9.4873320e-02
   1.5528549e+00   9.5287531e-02
   1.5530339e+00   9.5586210e-02
   1.5533446e+00   9.6104644e-02
   1.5535683e+00   9.6478187e-02
   1.5537296e+00   9.6747578e-02
   1.5540095e+00   9.7215253e-02
   1.5542113e+00   9.7552286e-02
   1.5545611e+00   9.8136893e-02
   1.5548130e+00   9.8557791e-02
   1.5549946e+00   9.8861162e-02
   1.5553097e+00   9.9387481e-02
   1.5555366e+00   9.9766498e-02
   1.5557003e+00   1.0003973e-01
   1.5559845e+00   1.0051385e-01
   1.5561893e+00   1.0085535e-01
   1.5563370e+00   1.0110158e-01
   1.5565936e+00   1.0152894e-01
   1.5567785e+00   1.0183683e-01
   1.5570996e+00   1.0237071e-01
   1.5573310e+00   1.0275496e-01
   1.5574979e+00   1.0303185e-01
   1.5577876e+00   1.0351209e-01
   1.5579965e+00   1.0385782e-01
   1.5581472e+00   1.0410700e-01
   1.5584090e+00   1.0453928e-01
   1.5585978e+00   1.0485057e-01
   1.5589256e+00   1.0539004e-01
   1.5591619e+00   1.0577806e-01
   1.5593323e+00   1.0605754e-01
   1.5596284e+00   1.0654200e-01
   1.5598419e+00   1.0689057e-01
   1.5599959e+00   1.0714169e-01
   1.5602636e+00   1.0757711e-01
   1.5604567e+00   1.0789048e-01
   1.5607920e+00   1.0843321e-01
   1.5610338e+00   1.0882330e-01
   1.5612083e+00   1.0910412e-01
   1.5615115e+00   1.0959062e-01
   1.5617302e+00   1.0994041e-01
   1.5618880e+00   1.1019228e-01
   1.5621624e+00   1.1062876e-01
   1.5623603e+00   1.1094270e-01
   1.5627042e+00   1.1148600e-01
   1.5629523e+00   1.1187618e-01
   1.5631314e+00   1.1215689e-01
   1.5634426e+00   1.1264287e-01
   1.5636672e+00   1.1299201e-01
   1.5638294e+00   1.1324328e-01
   1.5641113e+00   1.1367842e-01
   1.5643148e+00   1.1399116e-01
   1.5646684e+00   1.1453193e-01
   1.5649237e+00   1.1491992e-01
   1.5651080e+00   1.1519886e-01
   1.5654284e+00   1.1568138e-01
   1.5656597e+00   1.1602773e-01
   1.5658268e+00   1.1627682e-01
   1.5661173e+00   1.1670785e-01
   1.5663271e+00   1.1701738e-01
   1.5666919e+00   1.1755206e-01
   1.5669554e+00   1.1793524e-01
   1.5671456e+00   1.1821051e-01
   1.5674766e+00   1.1868621e-01
   1.5677156e+00   1.1902730e-01
   1.5678883e+00   1.1927241e-01
   1.5681888e+00   1.1969618e-01
   1.5684058e+00   1.2000018e-01
   1.5687834e+00   1.2052469e-01
   1.5690562e+00   1.2090009e-01
   1.5692534e+00   1.2116950e-01
   1.5695964e+00   1.2163454e-01
   1.5698443e+00   1.2196757e-01
   1.5702758e+00   1.2254095e-01
   1.5705875e+00   1.2295038e-01
   1.5708129e+00   1.2324370e-01
   1.5712053e+00   1.2374899e-01
   1.5714889e+00   1.2410999e-01
   1.5719791e+00   1.2472529e-01
   1.5723335e+00   1.2516335e-01
   1.5728239e+00   1.2575979e-01
   1.5731787e+00   1.2618414e-01
   1.5736697e+00   1.2676152e-01
   1.5740250e+00   1.2717200e-01
   1.5745169e+00   1.2773010e-01
   1.5748729e+00   1.2812656e-01
   1.5751306e+00   1.2840950e-01
   1.5755797e+00   1.2889472e-01
   1.5759048e+00   1.2923963e-01
   1.5761402e+00   1.2948589e-01
   1.5765504e+00   1.2990845e-01
   1.5768475e+00   1.3020901e-01
   1.5770626e+00   1.3042372e-01
   1.5774375e+00   1.3079236e-01
   1.5777090e+00   1.3105474e-01
   1.5779056e+00   1.3124228e-01
   1.5782483e+00   1.3156445e-01
   1.5784965e+00   1.3179392e-01
   1.5786762e+00   1.3195802e-01
   1.5789895e+00   1.3224010e-01
   1.5792164e+00   1.3244117e-01
   1.5796123e+00   1.3278546e-01
   1.5798992e+00   1.3302980e-01
   1.5801069e+00   1.3320404e-01
   1.5804694e+00   1.3350260e-01
   1.5807321e+00   1.3371462e-01
   1.5809224e+00   1.3386590e-01
   1.5812543e+00   1.3412528e-01
   1.5814948e+00   1.3430961e-01
   1.5816690e+00   1.3444121e-01
   1.5819728e+00   1.3466698e-01
   1.5821930e+00   1.3482755e-01
   1.5823525e+00   1.3494225e-01
   1.5826306e+00   1.3513916e-01
   1.5828322e+00   1.3527931e-01
   1.5831840e+00   1.3551888e-01
   1.5834390e+00   1.3568857e-01
   1.5836238e+00   1.3580941e-01
   1.5839464e+00   1.3601610e-01
   1.5841802e+00   1.3616260e-01
   1.5843496e+00   1.3626699e-01
   1.5846452e+00   1.3644565e-01
   1.5848595e+00   1.3657239e-01
   1.5850147e+00   1.3666274e-01
   1.5852856e+00   1.3681748e-01
   1.5854819e+00   1.3692733e-01
   1.5858247e+00   1.3711453e-01
   1.5860734e+00   1.3724664e-01
   1.5862536e+00   1.3734047e-01
   1.5865682e+00   1.3750045e-01
   1.5867964e+00   1.3761343e-01
   1.5869618e+00   1.3769370e-01
   1.5872504e+00   1.3783066e-01
   1.5874598e+00   1.3792745e-01
   1.5876114e+00   1.3799626e-01
   1.5878761e+00   1.3811373e-01
   1.5880680e+00   1.3819680e-01
   1.5884033e+00   1.3833773e-01
   1.5886465e+00   1.3843667e-01
   1.5888228e+00   1.3850667e-01
   1.5891308e+00   1.3862545e-01
   1.5893542e+00   1.3870888e-01
   1.5895161e+00   1.3876792e-01
   1.5897988e+00   1.3886815e-01
   1.5900039e+00   1.3893859e-01
   1.5903622e+00   1.3905715e-01
   1.5906224e+00   1.3913964e-01
   1.5908111e+00   1.3919759e-01
   1.5911408e+00   1.3929511e-01
   1.5913801e+00   1.3936293e-01
   1.5915536e+00   1.3941057e-01
   1.5918567e+00   1.3949070e-01
   1.5920766e+00   1.3954640e-01
   1.5922360e+00   1.3958551e-01
   1.5925145e+00   1.3965127e-01
   1.5927166e+00   1.3969697e-01
   1.5930697e+00   1.3977284e-01
   1.5933262e+00   1.3982476e-01
   1.5935123e+00   1.3986076e-01
   1.5938374e+00   1.3992038e-01
   1.5940735e+00   1.3996105e-01
   1.5942447e+00   1.3998918e-01
   1.5945438e+00   1.4003561e-01
   1.5947609e+00   1.4006716e-01
   1.5951406e+00   1.4011804e-01
   1.5954166e+00   1.4015163e-01
   1.5956168e+00   1.4017424e-01
   1.5959670e+00   1.4021025e-01
   1.5962214e+00   1.4023363e-01
   1.5964059e+00   1.4024914e-01
   1.5967285e+00   1.4027337e-01
   1.5969628e+00   1.4028868e-01
   1.5971327e+00   1.4029860e-01
   1.5974297e+00   1.4031357e-01
   1.5976453e+00   1.4032256e-01
   1.5980225e+00   1.4033455e-01
   1.5982966e+00   1.4034033e-01
   1.5984956e+00   1.4034299e-01
   1.5988437e+00   1.4034459e-01
   1.5990966e+00   1.4034335e-01
   1.5992801e+00   1.4034120e-01
   1.5996010e+00   1.4033493e-01
   1.5998340e+00   1.4032841e-01
   1.6002420e+00   1.4031308e-01
   1.6005387e+00   1.4029884e-01
   1.6007542e+00   1.4028689e-01
   1.6011313e+00   1.4026279e-01
   1.6014055e+00   1.4024275e-01
   1.6016045e+00   1.4022690e-01
   1.6019527e+00   1.4019656e-01
   1.6022058e+00   1.4017246e-01
   1.6026491e+00   1.4012617e-01
   1.6029717e+00   1.4008927e-01
   1.6032062e+00   1.4006080e-01
   1.6036167e+00   1.4000763e-01
   1.6039153e+00   1.3996636e-01
   1.6041323e+00   1.3993503e-01
   1.6045120e+00   1.3987752e-01
   1.6047881e+00   1.3983358e-01
   1.6049887e+00   1.3980059e-01
   1.6053395e+00   1.3974068e-01
   1.6055946e+00   1.3969543e-01
   1.6060415e+00   1.3961273e-01
   1.6063669e+00   1.3954986e-01
   1.6066034e+00   1.3950279e-01
   1.6070176e+00   1.3941762e-01
   1.6073190e+00   1.3935349e-01
   1.6075380e+00   1.3930580e-01
   1.6079214e+00   1.3922008e-01
   1.6082003e+00   1.3915600e-01
   1.6086894e+00   1.3904021e-01
   1.6090458e+00   1.3895315e-01
   1.6093049e+00   1.3888846e-01
   1.6097591e+00   1.3877234e-01
   1.6100899e+00   1.3868562e-01
   1.6103304e+00   1.3862148e-01
   1.6107517e+00   1.3850692e-01
   1.6110584e+00   1.3842181e-01
   1.6115966e+00   1.3826906e-01
   1.6119892e+00   1.3815500e-01
   1.6122749e+00   1.3807066e-01
   1.6127760e+00   1.3792003e-01
   1.6131413e+00   1.3780814e-01
   1.6137835e+00   1.3760735e-01
   1.6142527e+00   1.3745747e-01
   1.6145946e+00   1.3734664e-01
   1.6151953e+00   1.3714875e-01
   1.6156340e+00   1.3700178e-01
   1.6159534e+00   1.3689349e-01
   1.6165143e+00   1.3670087e-01
   1.6169237e+00   1.3655840e-01
   1.6176442e+00   1.3630391e-01
   1.6181715e+00   1.3611484e-01
   1.6185561e+00   1.3597550e-01
   1.6192326e+00   1.3572759e-01
   1.6197272e+00   1.3554416e-01
   1.6206000e+00   1.3521643e-01
   1.6212403e+00   1.3497289e-01
   1.6222215e+00   1.3459504e-01
   1.6229427e+00   1.3431406e-01
   1.6239571e+00   1.3391463e-01
   1.6249919e+00   1.3350274e-01
   1.6260479e+00   1.3307844e-01
   1.6271258e+00   1.3264177e-01
   1.6279194e+00   1.3231840e-01
   1.6290374e+00   1.3186055e-01
   1.6298609e+00   1.3152193e-01
   1.6304645e+00   1.3127315e-01
   1.6315325e+00   1.3083209e-01
   1.6323184e+00   1.3050698e-01
   1.6328940e+00   1.3026868e-01
   1.6333142e+00   1.3009470e-01
   1.6340538e+00   1.2978841e-01
   1.6345950e+00   1.2956430e-01
   1.6349898e+00   1.2940088e-01
   1.6356844e+00   1.2911358e-01
   1.6361922e+00   1.2890367e-01
   1.6365624e+00   1.2875077e-01
   1.6372132e+00   1.2848227e-01
   1.6376888e+00   1.2828634e-01
   1.6380352e+00   1.2814375e-01
   1.6386439e+00   1.2789362e-01
   1.6390882e+00   1.2771129e-01
   1.6394118e+00   1.2757870e-01
   1.6399799e+00   1.2734630e-01
   1.6403944e+00   1.2717707e-01
   1.6406960e+00   1.2705408e-01
   1.6412253e+00   1.2683867e-01
   1.6416112e+00   1.2668193e-01
   1.6422897e+00   1.2640703e-01
   1.6427855e+00   1.2620671e-01
   1.6431469e+00   1.2606105e-01
   1.6437817e+00   1.2580581e-01
   1.6442454e+00   1.2561997e-01
   1.6445830e+00   1.2548494e-01
   1.6451759e+00   1.2524849e-01
   1.6456085e+00   1.2507648e-01
   1.6459234e+00   1.2495156e-01
   1.6464760e+00   1.2473295e-01
   1.6468790e+00   1.2457403e-01
   1.6471722e+00   1.2445867e-01
   1.6476864e+00   1.2425691e-01
   1.6480611e+00   1.2411033e-01
   1.6483335e+00   1.2400397e-01
   1.6488111e+00   1.2381804e-01
   1.6491589e+00   1.2368303e-01
   1.6497697e+00   1.2344678e-01
   1.6502155e+00   1.2327504e-01
   1.6505399e+00   1.2315039e-01
   1.6511093e+00   1.2293238e-01
   1.6515246e+00   1.2277401e-01
   1.6518267e+00   1.2265911e-01
   1.6523565e+00   1.2245825e-01
   1.6527426e+00   1.2231241e-01
   1.6530234e+00   1.2220664e-01
   1.6535156e+00   1.2202183e-01
   1.6538741e+00   1.2188770e-01
   1.6541347e+00   1.2179045e-01
   1.6545912e+00   1.2162060e-01
   1.6549235e+00   1.2149738e-01
   1.6555066e+00   1.2128198e-01
   1.6559319e+00   1.2112559e-01
   1.6562412e+00   1.2101217e-01
   1.6567839e+00   1.2081400e-01
   1.6571793e+00   1.2067017e-01
   1.6574669e+00   1.2056591e-01
   1.6579709e+00   1.2038379e-01
   1.6583380e+00   1.2025168e-01
   1.6586048e+00   1.2015593e-01
   1.6590723e+00   1.1998875e-01
   1.6594126e+00   1.1986751e-01
   1.6596598e+00   1.1977966e-01
   1.6600927e+00   1.1962632e-01
   1.6604076e+00   1.1951516e-01
   1.6609599e+00   1.1932100e-01
   1.6613624e+00   1.1918016e-01
   1.6616550e+00   1.1907808e-01
   1.6621680e+00   1.1889984e-01
   1.6625416e+00   1.1877059e-01
   1.6628131e+00   1.1867694e-01
   1.6632888e+00   1.1851348e-01
   1.6636350e+00   1.1839498e-01
   1.6638865e+00   1.1830913e-01
   1.6643269e+00   1.1815933e-01
   1.6646473e+00   1.1805077e-01
   1.6652092e+00   1.1786122e-01
   1.6656186e+00   1.1772376e-01
   1.6659162e+00   1.1762416e-01
   1.6664379e+00   1.1745032e-01
   1.6668179e+00   1.1732430e-01
   1.6670940e+00   1.1723301e-01
   1.6675777e+00   1.1707370e-01
   1.6679297e+00   1.1695825e-01
   1.6681854e+00   1.1687464e-01
   1.6686332e+00   1.1672877e-01
   1.6689589e+00   1.1662308e-01
   1.6691954e+00   1.1654654e-01
   1.6696094e+00   1.1641306e-01
   1.6699103e+00   1.1631636e-01
   1.6704377e+00   1.1614762e-01
   1.6708217e+00   1.1602533e-01
   1.6711008e+00   1.1593677e-01
   1.6715896e+00   1.1578226e-01
   1.6719453e+00   1.1567031e-01
   1.6722037e+00   1.1558924e-01
   1.6726561e+00   1.1544785e-01
   1.6729851e+00   1.1534543e-01
   1.6732241e+00   1.1527128e-01
   1.6736421e+00   1.1514197e-01
   1.6739461e+00   1.1504832e-01
   1.6744787e+00   1.1488494e-01
   1.6748664e+00   1.1476656e-01
   1.6751482e+00   1.1468084e-01
   1.6756417e+00   1.1453134e-01
   1.6760007e+00   1.1442304e-01
   1.6762615e+00   1.1434463e-01
   1.6767181e+00   1.1420791e-01
   1.6770501e+00   1.1410888e-01
   1.6772912e+00   1.1403720e-01
   1.6777130e+00   1.1391222e-01
   1.6780197e+00   1.1382172e-01
   1.6785569e+00   1.1366388e-01
   1.6789480e+00   1.1354954e-01
   1.6792321e+00   1.1346677e-01
   1.6797297e+00   1.1332242e-01
   1.6800917e+00   1.1321788e-01
   1.6803547e+00   1.1314220e-01
   1.6808149e+00   1.1301026e-01
   1.6811495e+00   1.1291472e-01
   1.6813925e+00   1.1284558e-01
   1.6818176e+00   1.1272503e-01
   1.6821265e+00   1.1263777e-01
   1.6826678e+00   1.1248558e-01
   1.6830617e+00   1.1237537e-01
   1.6833479e+00   1.1229559e-01
   1.6838490e+00   1.1215650e-01
   1.6842136e+00   1.1205578e-01
   1.6844783e+00   1.1198289e-01
   1.6849416e+00   1.1185582e-01
   1.6852785e+00   1.1176382e-01
   1.6855230e+00   1.1169725e-01
   1.6859508e+00   1.1158121e-01
   1.6862617e+00   1.1149721e-01
   1.6868063e+00   1.1135076e-01
   1.6872025e+00   1.1124473e-01
   1.6874904e+00   1.1116798e-01
   1.6879944e+00   1.1103420e-01
   1.6883610e+00   1.1093735e-01
   1.6886272e+00   1.1086726e-01
   1.6890929e+00   1.1074510e-01
   1.6894315e+00   1.1065668e-01
   1.6896773e+00   1.1059269e-01
   1.6901073e+00   1.1048118e-01
   1.6904197e+00   1.1040048e-01
   1.6909668e+00   1.1025979e-01
   1.6913649e+00   1.1015795e-01
   1.6916540e+00   1.1008425e-01
   1.6921601e+00   1.0995580e-01
   1.6925282e+00   1.0986282e-01
   1.6927955e+00   1.0979555e-01
   1.6932630e+00   1.0967830e-01
   1.6936029e+00   1.0959345e-01
   1.6938496e+00   1.0953206e-01
   1.6942810e+00   1.0942508e-01
   1.6945945e+00   1.0934766e-01
   1.6951433e+00   1.0921274e-01
   1.6955426e+00   1.0911508e-01
   1.6958326e+00   1.0904442e-01
   1.6963401e+00   1.0892127e-01
   1.6967091e+00   1.0883216e-01
   1.6969770e+00   1.0876768e-01
   1.6974457e+00   1.0865533e-01
   1.6977863e+00   1.0857403e-01
   1.6980335e+00   1.0851522e-01
   1.6984657e+00   1.0841275e-01
   1.6987797e+00   1.0833860e-01
   1.6993294e+00   1.0820939e-01
   1.6997293e+00   1.0811589e-01
   1.7000196e+00   1.0804824e-01
   1.7005277e+00   1.0793037e-01
   1.7008971e+00   1.0784508e-01
   1.7011652e+00   1.0778337e-01
   1.7016342e+00   1.0767587e-01
   1.7019750e+00   1.0759809e-01
   1.7022223e+00   1.0754183e-01
   1.7026546e+00   1.0744381e-01
   1.7029687e+00   1.0737290e-01
   1.7035184e+00   1.0724934e-01
   1.7039182e+00   1.0715994e-01
   1.7042084e+00   1.0709527e-01
   1.7047162e+00   1.0698260e-01
   1.7050853e+00   1.0690108e-01
   1.7053532e+00   1.0684211e-01
   1.7058217e+00   1.0673939e-01
   1.7061621e+00   1.0666508e-01
   1.7064091e+00   1.0661133e-01
   1.7068408e+00   1.0651770e-01
   1.7071544e+00   1.0644997e-01
   1.7077031e+00   1.0633198e-01
   1.7081021e+00   1.0624661e-01
   1.7083917e+00   1.0618487e-01
   1.7088984e+00   1.0607731e-01
   1.7092666e+00   1.0599950e-01
   1.7095338e+00   1.0594322e-01
   1.7100010e+00   1.0584519e-01
   1.7103404e+00   1.0577428e-01
   1.7105866e+00   1.0572300e-01
   1.7110170e+00   1.0563368e-01
   1.7113295e+00   1.0556907e-01
   1.7118763e+00   1.0545652e-01
   1.7122738e+00   1.0537512e-01
   1.7125623e+00   1.0531624e-01
   1.7130670e+00   1.0521368e-01
   1.7134336e+00   1.0513950e-01
   1.7136996e+00   1.0508586e-01
   1.7141648e+00   1.0499242e-01
   1.7145026e+00   1.0492484e-01
   1.7147476e+00   1.0487597e-01
   1.7151759e+00   1.0479085e-01
   1.7154868e+00   1.0472930e-01
   1.7160307e+00   1.0462208e-01
   1.7164260e+00   1.0454453e-01
   1.7167128e+00   1.0448845e-01
   1.7172145e+00   1.0439078e-01
   1.7175790e+00   1.0432015e-01
   1.7178433e+00   1.0426907e-01
   1.7183055e+00   1.0418011e-01
   1.7186411e+00   1.0411577e-01
   1.7188845e+00   1.0406925e-01
   1.7193099e+00   1.0398824e-01
   1.7196186e+00   1.0392965e-01
   1.7201587e+00   1.0382762e-01
   1.7205510e+00   1.0375383e-01
   1.7208358e+00   1.0370048e-01
   1.7213336e+00   1.0360756e-01
   1.7216952e+00   1.0354037e-01
   1.7219575e+00   1.0349179e-01
   1.7224159e+00   1.0340718e-01
   1.7227487e+00   1.0334600e-01
   1.7229900e+00   1.0330176e-01
   1.7234117e+00   1.0322473e-01
   1.7237177e+00   1.0316903e-01
   1.7242529e+00   1.0307204e-01
   1.7246417e+00   1.0300190e-01
   1.7249238e+00   1.0295119e-01
   1.7254168e+00   1.0286288e-01
   1.7257749e+00   1.0279903e-01
   1.7260346e+00   1.0275286e-01
   1.7264884e+00   1.0267248e-01
   1.7268178e+00   1.0261435e-01
   1.7270567e+00   1.0257233e-01
   1.7274740e+00   1.0249916e-01
   1.7277767e+00   1.0244625e-01
   1.7283061e+00   1.0235413e-01
   1.7286906e+00   1.0228753e-01
   1.7289695e+00   1.0223937e-01
   1.7294570e+00   1.0215553e-01
   1.7298109e+00   1.0209491e-01
   1.7300676e+00   1.0205108e-01
   1.7305160e+00   1.0197478e-01
   1.7308415e+00   1.0191961e-01
   1.7310774e+00   1.0187972e-01
   1.7314896e+00   1.0181028e-01
   1.7317886e+00   1.0176007e-01
   1.7323112e+00   1.0167266e-01
   1.7326908e+00   1.0160947e-01
   1.7329661e+00   1.0156378e-01
   1.7334471e+00   1.0148424e-01
   1.7337963e+00   1.0142674e-01
   1.7340495e+00   1.0138517e-01
   1.7344918e+00   1.0131280e-01
   1.7348127e+00   1.0126048e-01
   1.7353739e+00   1.0116939e-01
   1.7357814e+00   1.0110355e-01
   1.7360770e+00   1.0105595e-01
   1.7365938e+00   1.0097309e-01
   1.7369689e+00   1.0091318e-01
   1.7372409e+00   1.0086988e-01
   1.7377162e+00   1.0079450e-01
   1.7380612e+00   1.0074000e-01
   1.7383113e+00   1.0070061e-01
   1.7387480e+00   1.0063203e-01
   1.7390649e+00   1.0058246e-01
   1.7396189e+00   1.0049617e-01
   1.7400211e+00   1.0043379e-01
   1.7403129e+00   1.0038870e-01
   1.7408227e+00   1.0031022e-01
   1.7411927e+00   1.0025348e-01
   1.7414610e+00   1.0021248e-01
   1.7419297e+00   1.0014109e-01
   1.7422698e+00   1.0008949e-01
   1.7425163e+00   1.0005220e-01
   1.7429468e+00   9.9987269e-02
   1.7432591e+00   9.9940341e-02
   1.7438049e+00   9.9858654e-02
   1.7442011e+00   9.9799616e-02
   1.7444884e+00   9.9756943e-02
   1.7449904e+00   9.9682664e-02
   1.7453547e+00   9.9628979e-02
   1.7456188e+00   9.9590175e-02
   1.7460801e+00   9.9522631e-02
   1.7464147e+00   9.9473814e-02
   1.7466572e+00   9.9438528e-02
   1.7470807e+00   9.9377108e-02
   1.7473878e+00   9.9332716e-02
   1.7479245e+00   9.9255452e-02
   1.7483141e+00   9.9199614e-02
   1.7485965e+00   9.9159256e-02
   1.7490898e+00   9.9089013e-02
   1.7494478e+00   9.9038248e-02
   1.7497072e+00   9.9001558e-02
