   1.3015787e+00   4.4947964e-02
   1.3027095e+00   4.4819763e-02
   1.3035216e+00   4.4727186e-02
   1.3041058e+00   4.4660318e-02
   1.3045267e+00   4.4612011e-02
   1.3048302e+00   4.4577105e-02
   1.3050492e+00   4.4551879e-02
   1.3054297e+00   4.4507984e-02
   1.3057041e+00   4.4476267e-02
   1.3061806e+00   4.4421086e-02
   1.3065240e+00   4.4381222e-02
   1.3067718e+00   4.4352417e-02
   1.3072021e+00   4.4302303e-02
   1.3075123e+00   4.4266100e-02
   1.3077361e+00   4.4239940e-02
   1.3081249e+00   4.4194428e-02
   1.3084053e+00   4.4161547e-02
   1.3088920e+00   4.4104356e-02
   1.3092428e+00   4.4063049e-02
   1.3094958e+00   4.4033208e-02
   1.3099351e+00   4.3981300e-02
   1.3102518e+00   4.3943809e-02
   1.3104803e+00   4.3916724e-02
   1.3108772e+00   4.3869610e-02
   1.3111633e+00   4.3835580e-02
   1.3116599e+00   4.3776403e-02
   1.3120177e+00   4.3733674e-02
   1.3122758e+00   4.3702811e-02
   1.3127238e+00   4.3649139e-02
   1.3130468e+00   4.3610383e-02
   1.3132797e+00   4.3582390e-02
   1.3136842e+00   4.3533706e-02
   1.3139759e+00   4.3498551e-02
   1.3144819e+00   4.3437434e-02
   1.3148465e+00   4.3393318e-02
   1.3151094e+00   4.3361461e-02
   1.3155658e+00   4.3306074e-02
   1.3158946e+00   4.3266092e-02
   1.3161318e+00   4.3237218e-02
   1.3165437e+00   4.3187016e-02
   1.3168405e+00   4.3150774e-02
   1.3173556e+00   4.3087789e-02
   1.3177265e+00   4.3042339e-02
   1.3179940e+00   4.3009527e-02
   1.3184582e+00   4.2952498e-02
   1.3187927e+00   4.2911344e-02
   1.3190339e+00   4.2881631e-02
   1.3194526e+00   4.2829984e-02
   1.3197544e+00   4.2792711e-02
   1.3202779e+00   4.2727955e-02
   1.3206549e+00   4.2681248e-02
   1.3209266e+00   4.2647537e-02
   1.3213982e+00   4.2588965e-02
   1.3217379e+00   4.2546714e-02
   1.3219829e+00   4.2516217e-02
   1.3224081e+00   4.2463224e-02
   1.3227144e+00   4.2424993e-02
   1.3229354e+00   4.2397396e-02
   1.3233191e+00   4.2349437e-02
   1.3235956e+00   4.2314834e-02
   1.3240754e+00   4.2254732e-02
   1.3244209e+00   4.2211394e-02
   1.3246701e+00   4.2180122e-02
   1.3251025e+00   4.2125800e-02
   1.3254140e+00   4.2086625e-02
   1.3256386e+00   4.2058354e-02
   1.3260286e+00   4.2009238e-02
   1.3263097e+00   4.1973813e-02
   1.3267972e+00   4.1912308e-02
   1.3271483e+00   4.1867977e-02
   1.3274014e+00   4.1836000e-02
   1.3278405e+00   4.1780473e-02
   1.3281569e+00   4.1740445e-02
   1.3283850e+00   4.1711568e-02
   1.3287809e+00   4.1661417e-02
   1.3290662e+00   4.1625259e-02
   1.3295610e+00   4.1562511e-02
   1.3299172e+00   4.1517308e-02
   1.3301740e+00   4.1484712e-02
   1.3306195e+00   4.1428137e-02
   1.3309404e+00   4.1387374e-02
   1.3311717e+00   4.1357975e-02
   1.3315731e+00   4.1306941e-02
   1.3318624e+00   4.1270162e-02
   1.3323639e+00   4.1206370e-02
   1.3327250e+00   4.1160442e-02
   1.3329851e+00   4.1127337e-02
   1.3334365e+00   4.1069908e-02
   1.3337615e+00   4.1028551e-02
   1.3339958e+00   4.0998736e-02
   1.3344023e+00   4.0947004e-02
   1.3346952e+00   4.0909742e-02
   1.3352029e+00   4.0845150e-02
   1.3355683e+00   4.0798677e-02
   1.3358316e+00   4.0765196e-02
   1.3362883e+00   4.0707147e-02
   1.3366171e+00   4.0665370e-02
   1.3368541e+00   4.0635268e-02
   1.3372653e+00   4.0583063e-02
   1.3375615e+00   4.0545483e-02
   1.3380748e+00   4.0480386e-02
   1.3384442e+00   4.0433585e-02
   1.3387103e+00   4.0399888e-02
   1.3391718e+00   4.0341502e-02
   1.3395040e+00   4.0299514e-02
   1.3397434e+00   4.0269275e-02
   1.3401588e+00   4.0216868e-02
   1.3404579e+00   4.0179168e-02
   1.3409762e+00   4.0113917e-02
   1.3413491e+00   4.0067049e-02
   1.3416178e+00   4.0033325e-02
   1.3420835e+00   3.9974939e-02
   1.3424187e+00   3.9932987e-02
   1.3426603e+00   3.9902794e-02
   1.3430793e+00   3.9850503e-02
   1.3433810e+00   3.9812919e-02
   1.3439037e+00   3.9747930e-02
   1.3442797e+00   3.9701300e-02
   1.3445505e+00   3.9667774e-02
   1.3450200e+00   3.9609784e-02
   1.3453578e+00   3.9568160e-02
   1.3456012e+00   3.9538226e-02
   1.3460234e+00   3.9486428e-02
   1.3463273e+00   3.9449235e-02
   1.3468538e+00   3.9384996e-02
   1.3472324e+00   3.9338963e-02
   1.3475051e+00   3.9305898e-02
   1.3479777e+00   3.9248769e-02
   1.3483177e+00   3.9207813e-02
   1.3485627e+00   3.9178385e-02
   1.3489874e+00   3.9127520e-02
   1.3492932e+00   3.9091039e-02
   1.3498228e+00   3.9028118e-02
   1.3502036e+00   3.8983099e-02
   1.3504778e+00   3.8950801e-02
   1.3509530e+00   3.8895069e-02
   1.3512948e+00   3.8855176e-02
   1.3515410e+00   3.8826544e-02
   1.3519679e+00   3.8777119e-02
   1.3522751e+00   3.8741722e-02
   1.3528072e+00   3.8680775e-02
   1.3531897e+00   3.8637252e-02
   1.3534651e+00   3.8606072e-02
   1.3539422e+00   3.8552359e-02
   1.3542854e+00   3.8513984e-02
   1.3545326e+00   3.8486479e-02
   1.3549611e+00   3.8439077e-02
   1.3552694e+00   3.8405191e-02
   1.3554916e+00   3.8380894e-02
   1.3558769e+00   3.8338999e-02
   1.3561542e+00   3.8309034e-02
   1.3566347e+00   3.8257515e-02
   1.3569803e+00   3.8220787e-02
   1.3572291e+00   3.8194506e-02
   1.3576604e+00   3.8149298e-02
   1.3579707e+00   3.8117050e-02
   1.3581943e+00   3.8093964e-02
   1.3585820e+00   3.8054232e-02
   1.3588610e+00   3.8025873e-02
   1.3593444e+00   3.7977236e-02
   1.3596919e+00   3.7942659e-02
   1.3599421e+00   3.7917969e-02
   1.3603758e+00   3.7875603e-02
   1.3606878e+00   3.7845466e-02
   1.3609125e+00   3.7823936e-02
   1.3613021e+00   3.7786972e-02
   1.3615825e+00   3.7760662e-02
   1.3620682e+00   3.7715686e-02
   1.3624173e+00   3.7683830e-02
   1.3626687e+00   3.7661147e-02
   1.3631043e+00   3.7622352e-02
   1.3634176e+00   3.7594860e-02
   1.3636433e+00   3.7575274e-02
   1.3640345e+00   3.7541761e-02
   1.3643160e+00   3.7517996e-02
   1.3648034e+00   3.7477555e-02
   1.3651538e+00   3.7449061e-02
   1.3654061e+00   3.7428849e-02
   1.3658431e+00   3.7394445e-02
   1.3661574e+00   3.7370193e-02
   1.3663837e+00   3.7352987e-02
   1.3667761e+00   3.7323685e-02
   1.3670584e+00   3.7303021e-02
   1.3675472e+00   3.7268091e-02
   1.3678985e+00   3.7243669e-02
   1.3681513e+00   3.7226448e-02
   1.3685893e+00   3.7197343e-02
   1.3689043e+00   3.7176995e-02
   1.3691311e+00   3.7162649e-02
   1.3695242e+00   3.7138404e-02
   1.3698070e+00   3.7121456e-02
   1.3702967e+00   3.7093115e-02
   1.3706484e+00   3.7073552e-02
   1.3709016e+00   3.7059894e-02
   1.3713402e+00   3.7037089e-02
   1.3716556e+00   3.7021375e-02
   1.3718826e+00   3.7010420e-02
   1.3722761e+00   3.6992159e-02
   1.3725591e+00   3.6979601e-02
   1.3730491e+00   3.6959033e-02
   1.3734011e+00   3.6945190e-02
   1.3736544e+00   3.6935719e-02
   1.3740931e+00   3.6920310e-02
   1.3744085e+00   3.6910026e-02
   1.3746355e+00   3.6903039e-02
   1.3750290e+00   3.6891772e-02
   1.3753120e+00   3.6884339e-02
   1.3758018e+00   3.6872827e-02
   1.3761536e+00   3.6865637e-02
   1.3764068e+00   3.6861031e-02
   1.3768453e+00   3.6854202e-02
   1.3771604e+00   3.6850206e-02
   1.3773873e+00   3.6847810e-02
   1.3777804e+00   3.6844626e-02
   1.3780631e+00   3.6843107e-02
   1.3785523e+00   3.6842029e-02
   1.3789036e+00   3.6842492e-02
   1.3791564e+00   3.6843477e-02
   1.3795942e+00   3.6846492e-02
   1.3799088e+00   3.6849702e-02
   1.3804528e+00   3.6857354e-02
   1.3808432e+00   3.6864520e-02
   1.3811239e+00   3.6870554e-02
   1.3816097e+00   3.6882770e-02
   1.3819585e+00   3.6892954e-02
   1.3822095e+00   3.6901024e-02
   1.3826440e+00   3.6916488e-02
   1.3829563e+00   3.6928786e-02
   1.3834961e+00   3.6952437e-02
   1.3838835e+00   3.6971304e-02
   1.3841620e+00   3.6985869e-02
   1.3846439e+00   3.7013074e-02
   1.3849900e+00   3.7034202e-02
   1.3852389e+00   3.7050239e-02
   1.3856699e+00   3.7079683e-02
   1.3859796e+00   3.7102174e-02
   1.3865149e+00   3.7143737e-02
   1.3868990e+00   3.7175683e-02
   1.3871752e+00   3.7199770e-02
   1.3876529e+00   3.7243682e-02
   1.3879960e+00   3.7276990e-02
   1.3882427e+00   3.7301884e-02
   1.3886699e+00   3.7346850e-02
   1.3889768e+00   3.7380641e-02
   1.3895073e+00   3.7442030e-02
   1.3898879e+00   3.7488429e-02
   1.3901615e+00   3.7523023e-02
   1.3906348e+00   3.7585348e-02
   1.3909746e+00   3.7632057e-02
   1.3912190e+00   3.7666686e-02
   1.3916421e+00   3.7728690e-02
   1.3919461e+00   3.7774868e-02
   1.3924715e+00   3.7857957e-02
   1.3928483e+00   3.7920145e-02
   1.3931192e+00   3.7966207e-02
   1.3935878e+00   3.8048595e-02
   1.3939243e+00   3.8109885e-02
   1.3941662e+00   3.8155094e-02
   1.3945850e+00   3.8235593e-02
   1.3948859e+00   3.8295198e-02
   1.3954059e+00   3.8401772e-02
   1.3957789e+00   3.8481020e-02
   1.3960470e+00   3.8539456e-02
   1.3965107e+00   3.8643466e-02
   1.3968436e+00   3.8720446e-02
   1.3974184e+00   3.8858012e-02
   1.3978303e+00   3.8960243e-02
   1.3981261e+00   3.9035592e-02
   1.3986375e+00   3.9169633e-02
   1.3990042e+00   3.9268779e-02
   1.3992678e+00   3.9341619e-02
   1.3997238e+00   3.9470740e-02
   1.4000510e+00   3.9565899e-02
   1.4006161e+00   3.9735152e-02
   1.4010211e+00   3.9860317e-02
   1.4013119e+00   3.9952255e-02
   1.4018146e+00   4.0115192e-02
   1.4021751e+00   4.0235235e-02
   1.4024343e+00   4.0323185e-02
   1.4028825e+00   4.0478611e-02
   1.4032042e+00   4.0592781e-02
   1.4037597e+00   4.0795120e-02
   1.4041577e+00   4.0944185e-02
   1.4044436e+00   4.1053390e-02
   1.4049377e+00   4.1246357e-02
   1.4052921e+00   4.1388083e-02
   1.4059034e+00   4.1639200e-02
   1.4063409e+00   4.1824147e-02
   1.4066550e+00   4.1959605e-02
   1.4071973e+00   4.2198891e-02
   1.4075859e+00   4.2374570e-02
   1.4082556e+00   4.2685698e-02
   1.4087344e+00   4.2914716e-02
   1.4090778e+00   4.3082381e-02
   1.4096702e+00   4.3378400e-02
   1.4100943e+00   4.3595600e-02
   1.4103988e+00   4.3754265e-02
   1.4109245e+00   4.4033724e-02
   1.4113013e+00   4.4238262e-02
   1.4119507e+00   4.4599256e-02
   1.4124150e+00   4.4864018e-02
   1.4127481e+00   4.5057361e-02
   1.4133228e+00   4.5397758e-02
   1.4137342e+00   4.5646776e-02
   1.4144426e+00   4.6086012e-02
   1.4149486e+00   4.6407936e-02
   1.4153112e+00   4.6642899e-02
   1.4159364e+00   4.7056308e-02
   1.4163835e+00   4.7358523e-02
   1.4171525e+00   4.7891133e-02
   1.4177011e+00   4.8281115e-02
   1.4186420e+00   4.8969497e-02
   1.4193112e+00   4.9474288e-02
   1.4197894e+00   4.9842791e-02
   1.4206110e+00   5.0491180e-02
   1.4211966e+00   5.0965101e-02
   1.4221996e+00   5.1799962e-02
   1.4229122e+00   5.2410819e-02
   1.4239202e+00   5.3300399e-02
   1.4249078e+00   5.4200911e-02
   1.4258756e+00   5.5111459e-02
   1.4268245e+00   5.6031191e-02
   1.4274992e+00   5.6701402e-02
   1.4284172e+00   5.7635074e-02
   1.4290702e+00   5.8314545e-02
   1.4295369e+00   5.8807937e-02
   1.4303390e+00   5.9670953e-02
   1.4309107e+00   6.0297805e-02
   1.4313199e+00   6.0752407e-02
   1.4320243e+00   6.1546496e-02
   1.4325273e+00   6.2122488e-02
   1.4328877e+00   6.2539822e-02
   1.4335091e+00   6.3268093e-02
   1.4339534e+00   6.3795816e-02
   1.4342722e+00   6.4177918e-02
   1.4348224e+00   6.4844227e-02
   1.4352163e+00   6.5326696e-02
   1.4354992e+00   6.5675859e-02
   1.4359880e+00   6.6284406e-02
   1.4363383e+00   6.6724810e-02
   1.4365901e+00   6.7043414e-02
   1.4370255e+00   6.7598482e-02
   1.4373379e+00   6.8000024e-02
   1.4378772e+00   6.8699520e-02
   1.4382636e+00   6.9205464e-02
   1.4385411e+00   6.9571331e-02
   1.4390207e+00   7.0208428e-02
   1.4393646e+00   7.0669054e-02
   1.4396119e+00   7.1002061e-02
   1.4400395e+00   7.1581774e-02
   1.4403464e+00   7.2000791e-02
   1.4405672e+00   7.2303660e-02
   1.4409494e+00   7.2830803e-02
   1.4412239e+00   7.3211747e-02
   1.4416985e+00   7.3874599e-02
   1.4420390e+00   7.4353455e-02
   1.4422838e+00   7.4699438e-02
   1.4427073e+00   7.5301338e-02
   1.4430114e+00   7.5736076e-02
   1.4432301e+00   7.6050144e-02
   1.4436089e+00   7.6596453e-02
   1.4438811e+00   7.6990991e-02
   1.4440771e+00   7.7275995e-02
   1.4444165e+00   7.7771712e-02
   1.4446607e+00   7.8129690e-02
   1.4450831e+00   7.8752080e-02
   1.4453866e+00   7.9201323e-02
   1.4456049e+00   7.9525716e-02
   1.4459830e+00   8.0089677e-02
   1.4462548e+00   8.0496721e-02
   1.4464505e+00   8.0790634e-02
   1.4467896e+00   8.1301593e-02
   1.4470335e+00   8.1670379e-02
   1.4472092e+00   8.1936666e-02
   1.4475138e+00   8.2399604e-02
   1.4477331e+00   8.2733737e-02
   1.4481128e+00   8.3314335e-02
   1.4483859e+00   8.3733151e-02
   1.4485825e+00   8.4035441e-02
   1.4489233e+00   8.4560719e-02
   1.4491685e+00   8.4939644e-02
   1.4493451e+00   8.5213150e-02
   1.4496514e+00   8.5688436e-02
   1.4498719e+00   8.6031319e-02
   1.4502540e+00   8.6626799e-02
   1.4505287e+00   8.7056095e-02
   1.4507266e+00   8.7365815e-02
   1.4510697e+00   8.7903736e-02
   1.4513166e+00   8.8291569e-02
   1.4514945e+00   8.8571394e-02
   1.4518031e+00   8.9057437e-02
   1.4520253e+00   8.9407904e-02
   1.4521854e+00   8.9660792e-02
   1.4524634e+00   9.0100091e-02
   1.4526636e+00   9.0416893e-02
   1.4530108e+00   9.0966842e-02
   1.4532607e+00   9.1363132e-02
   1.4534408e+00   9.1648946e-02
   1.4537533e+00   9.2145164e-02
   1.4539784e+00   9.2502790e-02
   1.4541407e+00   9.2760748e-02
   1.4544223e+00   9.3208666e-02
   1.4546252e+00   9.3531533e-02
   1.4549772e+00   9.4091708e-02
   1.4552306e+00   9.4495127e-02
   1.4554133e+00   9.4785958e-02
   1.4557303e+00   9.5290632e-02
   1.4559587e+00   9.5654150e-02
   1.4561234e+00   9.5916253e-02
   1.4564093e+00   9.6371157e-02
   1.4566154e+00   9.6698891e-02
   1.4567641e+00   9.6935228e-02
   1.4570222e+00   9.7345488e-02
   1.4572084e+00   9.7641118e-02
   1.4575314e+00   9.8153860e-02
   1.4577642e+00   9.8522980e-02
   1.4579322e+00   9.8789012e-02
   1.4582237e+00   9.9250513e-02
   1.4584339e+00   9.9582825e-02
   1.4585856e+00   9.9822371e-02
   1.4588490e+00   1.0023801e-01
   1.4590390e+00   1.0053738e-01
   1.4593689e+00   1.0105629e-01
   1.4596066e+00   1.0142962e-01
   1.4597781e+00   1.0169856e-01
   1.4600761e+00   1.0216486e-01
   1.4602909e+00   1.0250042e-01
   1.4604459e+00   1.0274221e-01
   1.4607153e+00   1.0316153e-01
   1.4609096e+00   1.0346337e-01
   1.4612470e+00   1.0398625e-01
   1.4614903e+00   1.0436216e-01
   1.4616659e+00   1.0463282e-01
   1.4619709e+00   1.0510181e-01
   1.4621910e+00   1.0543909e-01
   1.4623498e+00   1.0568199e-01
   1.4626258e+00   1.0610300e-01
   1.4628250e+00   1.0640586e-01
   1.4631710e+00   1.0693013e-01
   1.4634206e+00   1.0730673e-01
   1.4636007e+00   1.0757772e-01
   1.4639138e+00   1.0804697e-01
   1.4641398e+00   1.0838417e-01
   1.4643029e+00   1.0862687e-01
   1.4645865e+00   1.0904727e-01
   1.4647912e+00   1.0934948e-01
   1.4651469e+00   1.0987217e-01
   1.4654036e+00   1.1024728e-01
   1.4655890e+00   1.1051701e-01
   1.4659113e+00   1.1098370e-01
   1.4661439e+00   1.1131876e-01
   1.4663119e+00   1.1155977e-01
   1.4666041e+00   1.1197691e-01
   1.4668151e+00   1.1227653e-01
   1.4671819e+00   1.1279421e-01
   1.4674468e+00   1.1316533e-01
   1.4676381e+00   1.1343197e-01
   1.4679708e+00   1.1389288e-01
   1.4682111e+00   1.1422344e-01
   1.4683847e+00   1.1446103e-01
   1.4686867e+00   1.1487189e-01
   1.4689049e+00   1.1516670e-01
   1.4692845e+00   1.1567547e-01
   1.4695586e+00   1.1603973e-01
   1.4697568e+00   1.1630119e-01
   1.4701015e+00   1.1675264e-01
   1.4703506e+00   1.1707601e-01
   1.4707841e+00   1.1763296e-01
   1.4710973e+00   1.1803080e-01
   1.4713237e+00   1.1831589e-01
   1.4717178e+00   1.1880714e-01
   1.4720027e+00   1.1915824e-01
   1.4724950e+00   1.1975689e-01
   1.4728509e+00   1.2018328e-01
   1.4733434e+00   1.2076409e-01
   1.4736995e+00   1.2117751e-01
   1.4741924e+00   1.2174027e-01
   1.4745490e+00   1.2214055e-01
   1.4748070e+00   1.2242649e-01
   1.4752565e+00   1.2291737e-01
   1.4755818e+00   1.2326673e-01
   1.4758172e+00   1.2351641e-01
   1.4762275e+00   1.2394528e-01
   1.4765244e+00   1.2425070e-01
   1.4767393e+00   1.2446908e-01
   1.4771139e+00   1.2484441e-01
   1.4773850e+00   1.2511188e-01
   1.4775813e+00   1.2530321e-01
   1.4779234e+00   1.2563226e-01
   1.4781710e+00   1.2586690e-01
   1.4783503e+00   1.2603484e-01
   1.4786628e+00   1.2632382e-01
   1.4788891e+00   1.2653004e-01
   1.4792837e+00   1.2688363e-01
   1.4795695e+00   1.2713495e-01
   1.4797765e+00   1.2731438e-01
   1.4801375e+00   1.2762223e-01
   1.4803991e+00   1.2784118e-01
   1.4805884e+00   1.2799759e-01
   1.4809188e+00   1.2826611e-01
   1.4811580e+00   1.2845723e-01
   1.4813313e+00   1.2859382e-01
   1.4816335e+00   1.2882848e-01
   1.4818524e+00   1.2899562e-01
   1.4822344e+00   1.2928158e-01
   1.4825114e+00   1.2948432e-01
   1.4827120e+00   1.2962880e-01
   1.4830621e+00   1.2987615e-01
   1.4833159e+00   1.3005164e-01
   1.4834997e+00   1.3017677e-01
   1.4838205e+00   1.3039112e-01
   1.4840530e+00   1.3054331e-01
   1.4842214e+00   1.3065188e-01
   1.4845153e+00   1.3083800e-01
   1.4847283e+00   1.3097025e-01
   1.4848825e+00   1.3106465e-01
   1.4851516e+00   1.3122658e-01
   1.4853467e+00   1.3134172e-01
   1.4856872e+00   1.3153834e-01
   1.4859341e+00   1.3167743e-01
   1.4861130e+00   1.3177638e-01
   1.4864253e+00   1.3194546e-01
   1.4866518e+00   1.3206515e-01
   1.4868159e+00   1.3215035e-01
   1.4871023e+00   1.3229601e-01
   1.4873099e+00   1.3239921e-01
   1.4876726e+00   1.3257463e-01
   1.4879358e+00   1.3269809e-01
   1.4881265e+00   1.3278559e-01
   1.4884597e+00   1.3293439e-01
   1.4887014e+00   1.3303917e-01
   1.4888766e+00   1.3311346e-01
   1.4891825e+00   1.3323987e-01
   1.4894045e+00   1.3332893e-01
   1.4895653e+00   1.3339210e-01
   1.4898461e+00   1.3349964e-01
   1.4900497e+00   1.3357546e-01
   1.4904055e+00   1.3370358e-01
   1.4906638e+00   1.3379314e-01
   1.4908511e+00   1.3385629e-01
   1.4911783e+00   1.3396300e-01
   1.4914157e+00   1.3403760e-01
   1.4915879e+00   1.3409020e-01
   1.4918886e+00   1.3417910e-01
   1.4921068e+00   1.3424126e-01
   1.4922649e+00   1.3428508e-01
   1.4925411e+00   1.3435917e-01
   1.4927415e+00   1.3441097e-01
   1.4930917e+00   1.3449764e-01
   1.4933459e+00   1.3455750e-01
   1.4935304e+00   1.3459932e-01
   1.4938527e+00   1.3466920e-01
   1.4940866e+00   1.3471741e-01
   1.4942563e+00   1.3475105e-01
   1.4945527e+00   1.3480719e-01
   1.4947678e+00   1.3484585e-01
   1.4951440e+00   1.3490931e-01
   1.4954173e+00   1.3495213e-01
   1.4956157e+00   1.3498150e-01
   1.4959624e+00   1.3502943e-01
   1.4962143e+00   1.3506154e-01
   1.4963970e+00   1.3508344e-01
   1.4967164e+00   1.3511891e-01
   1.4969483e+00   1.3514245e-01
   1.4971165e+00   1.3515837e-01
   1.4974104e+00   1.3518388e-01
   1.4976238e+00   1.3520059e-01
   1.4979970e+00   1.3522619e-01
   1.4982683e+00   1.3524193e-01
   1.4984652e+00   1.3525187e-01
   1.4988095e+00   1.3526627e-01
   1.4990596e+00   1.3527440e-01
   1.4992411e+00   1.3527907e-01
   1.4995584e+00   1.3528481e-01
   1.4997889e+00   1.3528706e-01
   1.5001923e+00   1.3528718e-01
   1.5004856e+00   1.3528426e-01
   1.5006987e+00   1.3528057e-01
   1.5010714e+00   1.3527099e-01
   1.5013424e+00   1.3526157e-01
   1.5015391e+00   1.3525346e-01
   1.5018831e+00   1.3523672e-01
   1.5021332e+00   1.3522256e-01
   1.5025712e+00   1.3519375e-01
   1.5028899e+00   1.3516965e-01
   1.5031215e+00   1.3515052e-01
   1.5035269e+00   1.3511377e-01
   1.5038219e+00   1.3508449e-01
   1.5040361e+00   1.3506191e-01
   1.5044111e+00   1.3501974e-01
   1.5046837e+00   1.3498702e-01
   1.5048817e+00   1.3496218e-01
   1.5052281e+00   1.3491659e-01
   1.5054798e+00   1.3488177e-01
   1.5059210e+00   1.3481742e-01
   1.5062421e+00   1.3476796e-01
   1.5064755e+00   1.3473066e-01
   1.5068842e+00   1.3466263e-01
   1.5071816e+00   1.3461101e-01
   1.5073977e+00   1.3457242e-01
   1.5077759e+00   1.3450268e-01
   1.5080511e+00   1.3445024e-01
   1.5085335e+00   1.3435491e-01
   1.5088850e+00   1.3428280e-01
   1.5091405e+00   1.3422899e-01
   1.5095884e+00   1.3413198e-01
   1.5099146e+00   1.3405920e-01
   1.5101517e+00   1.3400520e-01
   1.5105671e+00   1.3390843e-01
   1.5108694e+00   1.3383628e-01
   1.5114000e+00   1.3370630e-01
   1.5117869e+00   1.3360888e-01
   1.5120685e+00   1.3353664e-01
   1.5125623e+00   1.3340725e-01
   1.5129223e+00   1.3331086e-01
   1.5135550e+00   1.3313732e-01
   1.5140173e+00   1.3300735e-01
   1.5143541e+00   1.3291103e-01
   1.5149458e+00   1.3273861e-01
   1.5153778e+00   1.3261023e-01
   1.5156924e+00   1.3251548e-01
   1.5162448e+00   1.3234661e-01
   1.5166479e+00   1.3222145e-01
   1.5173574e+00   1.3199739e-01
   1.5178764e+00   1.3183055e-01
   1.5182550e+00   1.3170739e-01
   1.5189209e+00   1.3148790e-01
   1.5194077e+00   1.3132522e-01
   1.5202666e+00   1.3103397e-01
   1.5208966e+00   1.3081709e-01
   1.5218619e+00   1.3047994e-01
   1.5225713e+00   1.3022873e-01
   1.5235690e+00   1.2987097e-01
   1.5245866e+00   1.2950129e-01
   1.5256248e+00   1.2911976e-01
   1.5266844e+00   1.2872642e-01
   1.5277664e+00   1.2832132e-01
   1.5285631e+00   1.2802114e-01
   1.5291468e+00   1.2780032e-01
   1.5301792e+00   1.2740826e-01
   1.5309387e+00   1.2711883e-01
   1.5314947e+00   1.2690647e-01
   1.5324774e+00   1.2653050e-01
   1.5331996e+00   1.2625379e-01
   1.5337280e+00   1.2605118e-01
   1.5341135e+00   1.2590337e-01
   1.5347913e+00   1.2564335e-01
   1.5352870e+00   1.2545326e-01
   1.5356482e+00   1.2531474e-01
   1.5362832e+00   1.2507138e-01
   1.5367471e+00   1.2489371e-01
   1.5370850e+00   1.2476436e-01
   1.5376786e+00   1.2453735e-01
   1.5381120e+00   1.2437181e-01
   1.5384275e+00   1.2425139e-01
   1.5389813e+00   1.2404024e-01
   1.5393854e+00   1.2388642e-01
   1.5400962e+00   1.2361628e-01
   1.5406161e+00   1.2341913e-01
   1.5409952e+00   1.2327565e-01
   1.5416616e+00   1.2302390e-01
   1.5421485e+00   1.2284039e-01
   1.5425034e+00   1.2270693e-01
   1.5431268e+00   1.2247299e-01
   1.5435820e+00   1.2230262e-01
   1.5439135e+00   1.2217880e-01
   1.5444955e+00   1.2196193e-01
   1.5449202e+00   1.2180412e-01
   1.5452293e+00   1.2168949e-01
   1.5457717e+00   1.2148886e-01
   1.5461672e+00   1.2134297e-01
   1.5464549e+00   1.2123706e-01
   1.5469595e+00   1.2105178e-01
   1.5473272e+00   1.2091715e-01
   1.5475945e+00   1.2081945e-01
   1.5480631e+00   1.2064863e-01
   1.5484043e+00   1.2052456e-01
   1.5490035e+00   1.2030743e-01
   1.5494407e+00   1.2014955e-01
   1.5497590e+00   1.2003494e-01
   1.5503174e+00   1.1983448e-01
   1.5507247e+00   1.1968881e-01
   1.5510209e+00   1.1958312e-01
   1.5515404e+00   1.1939833e-01
   1.5519190e+00   1.1926414e-01
   1.5521944e+00   1.1916680e-01
   1.5526769e+00   1.1899671e-01
   1.5530283e+00   1.1887324e-01
   1.5532837e+00   1.1878372e-01
   1.5537312e+00   1.1862733e-01
   1.5540569e+00   1.1851387e-01
   1.5546283e+00   1.1831550e-01
   1.5550451e+00   1.1817145e-01
   1.5553482e+00   1.1806697e-01
   1.5558799e+00   1.1788439e-01
   1.5562673e+00   1.1775187e-01
   1.5565490e+00   1.1765578e-01
   1.5570428e+00   1.1748794e-01
   1.5574024e+00   1.1736617e-01
   1.5576637e+00   1.1727790e-01
   1.5581215e+00   1.1712378e-01
   1.5584548e+00   1.1701199e-01
   1.5590395e+00   1.1681666e-01
   1.5594658e+00   1.1667489e-01
   1.5597760e+00   1.1657210e-01
   1.5603199e+00   1.1639255e-01
   1.5607162e+00   1.1626228e-01
   1.5610044e+00   1.1616787e-01
   1.5615095e+00   1.1600300e-01
   1.5618773e+00   1.1588344e-01
   1.5621447e+00   1.1579680e-01
   1.5626130e+00   1.1564557e-01
   1.5629538e+00   1.1553592e-01
   1.5632014e+00   1.1545649e-01
   1.5636349e+00   1.1531787e-01
   1.5639503e+00   1.1521740e-01
   1.5645033e+00   1.1504197e-01
   1.5649062e+00   1.1491475e-01
   1.5651991e+00   1.1482256e-01
   1.5657126e+00   1.1466164e-01
   1.5660864e+00   1.1454497e-01
   1.5663581e+00   1.1446046e-01
   1.5668340e+00   1.1431297e-01
   1.5671803e+00   1.1420607e-01
   1.5674319e+00   1.1412865e-01
   1.5678724e+00   1.1399357e-01
   1.5681928e+00   1.1389570e-01
   1.5687546e+00   1.1372486e-01
   1.5691639e+00   1.1360100e-01
   1.5694614e+00   1.1351127e-01
   1.5699829e+00   1.1335470e-01
   1.5703625e+00   1.1324122e-01
   1.5706384e+00   1.1315903e-01
   1.5711216e+00   1.1301564e-01
   1.5714733e+00   1.1291174e-01
   1.5717287e+00   1.1283651e-01
   1.5721759e+00   1.1270528e-01
   1.5725011e+00   1.1261022e-01
   1.5727372e+00   1.1254139e-01
   1.5731505e+00   1.1242137e-01
   1.5734508e+00   1.1233444e-01
   1.5739772e+00   1.1218277e-01
   1.5743604e+00   1.1207289e-01
   1.5746388e+00   1.1199331e-01
   1.5751264e+00   1.1185452e-01
   1.5754812e+00   1.1175398e-01
   1.5757389e+00   1.1168119e-01
   1.5761899e+00   1.1155425e-01
   1.5765180e+00   1.1146231e-01
   1.5767561e+00   1.1139576e-01
   1.5771728e+00   1.1127972e-01
   1.5774757e+00   1.1119569e-01
   1.5780064e+00   1.1104913e-01
   1.5783927e+00   1.1094296e-01
   1.5786733e+00   1.1086610e-01
   1.5791647e+00   1.1073206e-01
   1.5795223e+00   1.1063498e-01
   1.5797819e+00   1.1056471e-01
   1.5802364e+00   1.1044218e-01
   1.5805668e+00   1.1035346e-01
   1.5808067e+00   1.1028925e-01
   1.5812264e+00   1.1017730e-01
   1.5815314e+00   1.1009626e-01
   1.5820658e+00   1.0995492e-01
   1.5824546e+00   1.0985257e-01
   1.5827372e+00   1.0977847e-01
   1.5832318e+00   1.0964929e-01
   1.5835916e+00   1.0955575e-01
   1.5838529e+00   1.0948805e-01
   1.5843101e+00   1.0937002e-01
   1.5846426e+00   1.0928458e-01
   1.5848839e+00   1.0922275e-01
   1.5853060e+00   1.0911497e-01
   1.5856128e+00   1.0903695e-01
   1.5861501e+00   1.0890092e-01
   1.5865410e+00   1.0880243e-01
   1.5868250e+00   1.0873115e-01
   1.5873222e+00   1.0860688e-01
   1.5876838e+00   1.0851692e-01
   1.5879463e+00   1.0845182e-01
   1.5884057e+00   1.0833835e-01
   1.5887397e+00   1.0825621e-01
   1.5889821e+00   1.0819678e-01
   1.5894060e+00   1.0809320e-01
   1.5897141e+00   1.0801823e-01
   1.5902535e+00   1.0788755e-01
   1.5906460e+00   1.0779295e-01
   1.5909311e+00   1.0772449e-01
   1.5914300e+00   1.0760517e-01
   1.5917929e+00   1.0751880e-01
   1.5920563e+00   1.0745631e-01
   1.5925171e+00   1.0734740e-01
   1.5928521e+00   1.0726858e-01
   1.5930952e+00   1.0721155e-01
   1.5935204e+00   1.0711217e-01
   1.5938292e+00   1.0704026e-01
   1.5943700e+00   1.0691493e-01
   1.5947634e+00   1.0682421e-01
   1.5950491e+00   1.0675858e-01
   1.5955491e+00   1.0664419e-01
   1.5959126e+00   1.0656141e-01
   1.5961764e+00   1.0650152e-01
   1.5966380e+00   1.0639716e-01
   1.5969735e+00   1.0632164e-01
   1.5972169e+00   1.0626701e-01
   1.5976426e+00   1.0617182e-01
   1.5979518e+00   1.0610295e-01
   1.5984930e+00   1.0598293e-01
   1.5988867e+00   1.0589608e-01
   1.5991725e+00   1.0583325e-01
   1.5996727e+00   1.0572376e-01
   1.6000362e+00   1.0564454e-01
   1.6003001e+00   1.0558723e-01
   1.6007617e+00   1.0548737e-01
   1.6010970e+00   1.0541513e-01
   1.6013404e+00   1.0536287e-01
   1.6017658e+00   1.0527183e-01
   1.6020748e+00   1.0520597e-01
   1.6026156e+00   1.0509121e-01
   1.6030088e+00   1.0500818e-01
   1.6032943e+00   1.0494811e-01
   1.6037938e+00   1.0484347e-01
   1.6041568e+00   1.0476776e-01
   1.6044203e+00   1.0471300e-01
   1.6048810e+00   1.0461759e-01
   1.6052157e+00   1.0454858e-01
   1.6054585e+00   1.0449866e-01
   1.6058830e+00   1.0441171e-01
   1.6061912e+00   1.0434881e-01
   1.6067306e+00   1.0423923e-01
   1.6071228e+00   1.0415996e-01
   1.6074074e+00   1.0410262e-01
   1.6079054e+00   1.0400273e-01
   1.6082672e+00   1.0393048e-01
   1.6085297e+00   1.0387822e-01
   1.6089888e+00   1.0378719e-01
   1.6093222e+00   1.0372135e-01
   1.6095641e+00   1.0367373e-01
   1.6099868e+00   1.0359079e-01
   1.6102938e+00   1.0353080e-01
   1.6108308e+00   1.0342630e-01
   1.6112212e+00   1.0335071e-01
   1.6115045e+00   1.0329605e-01
   1.6120000e+00   1.0320083e-01
   1.6123599e+00   1.0313196e-01
   1.6126211e+00   1.0308215e-01
   1.6130777e+00   1.0299540e-01
   1.6134092e+00   1.0293266e-01
   1.6136497e+00   1.0288729e-01
   1.6140700e+00   1.0280827e-01
   1.6143751e+00   1.0275113e-01
   1.6149088e+00   1.0265159e-01
   1.6152967e+00   1.0257961e-01
   1.6155781e+00   1.0252755e-01
   1.6160702e+00   1.0243688e-01
   1.6164277e+00   1.0237132e-01
   1.6166870e+00   1.0232390e-01
   1.6171403e+00   1.0224133e-01
   1.6174694e+00   1.0218161e-01
   1.6177080e+00   1.0213843e-01
   1.6181251e+00   1.0206324e-01
   1.6184278e+00   1.0200886e-01
   1.6189572e+00   1.0191417e-01
   1.6193418e+00   1.0184569e-01
   1.6196209e+00   1.0179617e-01
   1.6201087e+00   1.0170994e-01
   1.6204631e+00   1.0164758e-01
   1.6207201e+00   1.0160249e-01
   1.6211692e+00   1.0152398e-01
   1.6214952e+00   1.0146720e-01
   1.6217317e+00   1.0142615e-01
   1.6221447e+00   1.0135467e-01
   1.6224444e+00   1.0130299e-01
   1.6229686e+00   1.0121299e-01
   1.6233493e+00   1.0114791e-01
   1.6236255e+00   1.0110086e-01
   1.6241083e+00   1.0101893e-01
   1.6244588e+00   1.0095969e-01
   1.6247130e+00   1.0091686e-01
   1.6251572e+00   1.0084228e-01
   1.6254796e+00   1.0078835e-01
   1.6257134e+00   1.0074937e-01
   1.6261217e+00   1.0068149e-01
   1.6264179e+00   1.0063241e-01
   1.6269359e+00   1.0054695e-01
   1.6273120e+00   1.0048517e-01
   1.6275848e+00   1.0044050e-01
   1.6280617e+00   1.0036273e-01
   1.6284078e+00   1.0030650e-01
   1.6286588e+00   1.0026585e-01
   1.6290973e+00   1.0019508e-01
   1.6294155e+00   1.0014391e-01
   1.6299719e+00   1.0005483e-01
   1.6303761e+00   9.9990424e-02
   1.6306693e+00   9.9943865e-02
   1.6311818e+00   9.9862806e-02
   1.6315539e+00   9.9804208e-02
   1.6318237e+00   9.9761845e-02
   1.6322953e+00   9.9688093e-02
   1.6326375e+00   9.9634778e-02
   1.6328856e+00   9.9596235e-02
   1.6333191e+00   9.9529135e-02
   1.6336335e+00   9.9480628e-02
   1.6341833e+00   9.9396185e-02
   1.6345826e+00   9.9335144e-02
   1.6348722e+00   9.9291019e-02
   1.6353783e+00   9.9214205e-02
   1.6357456e+00   9.9158680e-02
   1.6360120e+00   9.9118542e-02
   1.6364774e+00   9.9048670e-02
   1.6368151e+00   9.8998163e-02
   1.6370600e+00   9.8961653e-02
   1.6374875e+00   9.8898096e-02
   1.6377977e+00   9.8852155e-02
   1.6383398e+00   9.8772185e-02
   1.6387334e+00   9.8714384e-02
   1.6390189e+00   9.8672604e-02
   1.6395176e+00   9.8599877e-02
   1.6398796e+00   9.8547312e-02
   1.6401421e+00   9.8509316e-02
   1.6406005e+00   9.8443177e-02
   1.6409331e+00   9.8395373e-02
   1.6411741e+00   9.8360818e-02
   1.6415951e+00   9.8300670e-02
   1.6419004e+00   9.8257196e-02
   1.6424339e+00   9.8181526e-02
   1.6428212e+00   9.8126838e-02
   1.6431020e+00   9.8087311e-02
   1.6435926e+00   9.8018511e-02
   1.6439485e+00   9.7968788e-02
   1.6442066e+00   9.7932849e-02
   1.6446572e+00   9.7870294e-02
   1.6449841e+00   9.7825084e-02
   1.6452210e+00   9.7792406e-02
   1.6456346e+00   9.7735528e-02
   1.6459346e+00   9.7694420e-02
   1.6464586e+00   9.7622874e-02
   1.6468389e+00   9.7571171e-02
   1.6471147e+00   9.7533804e-02
   1.6475962e+00   9.7468767e-02
   1.6479456e+00   9.7421767e-02
   1.6481988e+00   9.7387798e-02
   1.6486410e+00   9.7328676e-02
   1.6489617e+00   9.7285949e-02
   1.6495220e+00   9.7211593e-02
   1.6499287e+00   9.7157865e-02
   1.6502236e+00   9.7119037e-02
   1.6507388e+00   9.7051463e-02
   1.6511125e+00   9.7002634e-02
   1.6513835e+00   9.6967346e-02
   1.6518566e+00   9.6905933e-02
   1.6521998e+00   9.6861555e-02
   1.6524485e+00   9.6829482e-02
   1.6528826e+00   9.6773664e-02
   1.6531975e+00   9.6733328e-02
   1.6537475e+00   9.6663138e-02
   1.6541466e+00   9.6612423e-02
   1.6544360e+00   9.6575775e-02
   1.6549413e+00   9.6512000e-02
   1.6553079e+00   9.6465920e-02
   1.6555736e+00   9.6432619e-02
   1.6560375e+00   9.6374669e-02
   1.6563739e+00   9.6332796e-02
   1.6566177e+00   9.6302535e-02
   1.6570432e+00   9.6249873e-02
   1.6573516e+00   9.6211820e-02
   1.6578905e+00   9.6145607e-02
   1.6582814e+00   9.6097769e-02
   1.6585647e+00   9.6063202e-02
   1.6590595e+00   9.6003051e-02
   1.6594183e+00   9.5959592e-02
   1.6596784e+00   9.5928188e-02
   1.6601323e+00   9.5873539e-02
   1.6604615e+00   9.5834055e-02
   1.6606999e+00   9.5805521e-02
   1.6611161e+00   9.5755867e-02
   1.6614178e+00   9.5719989e-02
   1.6619446e+00   9.5657565e-02
   1.6623267e+00   9.5612467e-02
   1.6626037e+00   9.5579881e-02
   1.6630872e+00   9.5523181e-02
   1.6634378e+00   9.5482218e-02
   1.6636918e+00   9.5452618e-02
   1.6641352e+00   9.5401111e-02
   1.6644566e+00   9.5363899e-02
   1.6650180e+00   9.5299158e-02
   1.6654253e+00   9.5252392e-02
   1.6657204e+00   9.5218603e-02
   1.6662358e+00   9.5159816e-02
   1.6666095e+00   9.5117349e-02
   1.6668803e+00   9.5086664e-02
   1.6673530e+00   9.5033277e-02
   1.6676957e+00   9.4994708e-02
   1.6679440e+00   9.4966839e-02
   1.6683773e+00   9.4918349e-02
   1.6686913e+00   9.4883316e-02
   1.6692397e+00   9.4822371e-02
   1.6696374e+00   9.4778350e-02
   1.6699257e+00   9.4746546e-02
   1.6704288e+00   9.4691214e-02
   1.6707936e+00   9.4651245e-02
   1.6710579e+00   9.4622366e-02
   1.6715192e+00   9.4572123e-02
   1.6718535e+00   9.4535827e-02
   1.6720957e+00   9.4509602e-02
   1.6725183e+00   9.4463972e-02
   1.6728246e+00   9.4431008e-02
   1.6733593e+00   9.4373664e-02
   1.6737470e+00   9.4332246e-02
   1.6740279e+00   9.4302323e-02
   1.6745182e+00   9.4250266e-02
   1.6748736e+00   9.4212665e-02
   1.6751311e+00   9.4185498e-02
   1.6755804e+00   9.4138233e-02
   1.6759060e+00   9.4104091e-02
   1.6761418e+00   9.4079423e-02
   1.6765533e+00   9.4036503e-02
   1.6768514e+00   9.4005497e-02
   1.6773718e+00   9.3951561e-02
   1.6777490e+00   9.3912607e-02
   1.6780223e+00   9.3884465e-02
   1.6784993e+00   9.3835507e-02
   1.6788450e+00   9.3800146e-02
   1.6790954e+00   9.3774598e-02
   1.6795322e+00   9.3730151e-02
   1.6798488e+00   9.3698045e-02
   1.6804014e+00   9.3642202e-02
   1.6808021e+00   9.3601875e-02
   1.6810923e+00   9.3572742e-02
   1.6815989e+00   9.3522068e-02
   1.6819661e+00   9.3485470e-02
   1.6822321e+00   9.3459031e-02
   1.6826962e+00   9.3413038e-02
   1.6830325e+00   9.3379819e-02
   1.6832760e+00   9.3355819e-02
   1.6837009e+00   9.3314067e-02
   1.6840087e+00   9.3283908e-02
   1.6845460e+00   9.3231454e-02
   1.6849355e+00   9.3193574e-02
   1.6852176e+00   9.3166211e-02
   1.6857099e+00   9.3118615e-02
   1.6860667e+00   9.3084242e-02
   1.6863251e+00   9.3059410e-02
   1.6867758e+00   9.3016214e-02
   1.6871024e+00   9.2985016e-02
   1.6873389e+00   9.2962476e-02
   1.6877515e+00   9.2923266e-02
   1.6880503e+00   9.2894944e-02
   1.6885718e+00   9.2845684e-02
   1.6889497e+00   9.2810113e-02
   1.6892235e+00   9.2784417e-02
   1.6897011e+00   9.2739723e-02
   1.6900471e+00   9.2707446e-02
   1.6902977e+00   9.2684129e-02
   1.6907348e+00   9.2643568e-02
   1.6910515e+00   9.2614274e-02
   1.6916042e+00   9.2563328e-02
   1.6920047e+00   9.2526543e-02
   1.6922949e+00   9.2499974e-02
   1.6928011e+00   9.2453764e-02
   1.6931679e+00   9.2420395e-02
   1.6934336e+00   9.2396291e-02
   1.6938969e+00   9.2354366e-02
   1.6942327e+00   9.2324089e-02
   1.6944758e+00   9.2302217e-02
   1.6948997e+00   9.2264171e-02
   1.6952068e+00   9.2236693e-02
   1.6957426e+00   9.2188907e-02
   1.6961309e+00   9.2154404e-02
   1.6964122e+00   9.2129483e-02
   1.6969027e+00   9.2086141e-02
   1.6972582e+00   9.2054843e-02
   1.6975155e+00   9.2032236e-02
   1.6979644e+00   9.1992914e-02
   1.6982896e+00   9.1964516e-02
   1.6988570e+00   9.1915138e-02
   1.6992682e+00   9.1879489e-02
   1.6995660e+00   9.1853743e-02
   1.7000856e+00   9.1808969e-02
   1.7004620e+00   9.1776642e-02
   1.7007346e+00   9.1753292e-02
   1.7012101e+00   9.1712683e-02
   1.7015545e+00   9.1683360e-02
   1.7018039e+00   9.1662178e-02
   1.7022388e+00   9.1625337e-02
   1.7025537e+00   9.1598732e-02
   1.7031033e+00   9.1552469e-02
   1.7035014e+00   9.1519070e-02
   1.7037898e+00   9.1494949e-02
   1.7042927e+00   9.1453001e-02
   1.7046571e+00   9.1422714e-02
   1.7049209e+00   9.1400839e-02
   1.7053810e+00   9.1362793e-02
   1.7057142e+00   9.1335321e-02
   1.7059555e+00   9.1315477e-02
   1.7063761e+00   9.1280961e-02
   1.7066807e+00   9.1256035e-02
   1.7072121e+00   9.1212693e-02
   1.7075971e+00   9.1181403e-02
   1.7078758e+00   9.1158804e-02
   1.7083620e+00   9.1119505e-02
   1.7087141e+00   9.1091130e-02
   1.7089690e+00   9.1070635e-02
   1.7094136e+00   9.1034991e-02
   1.7097355e+00   9.1009252e-02
   1.7102971e+00   9.0964502e-02
   1.7107040e+00   9.0932198e-02
   1.7109986e+00   9.0908870e-02
   1.7115124e+00   9.0868306e-02
   1.7118847e+00   9.0839020e-02
   1.7121541e+00   9.0817870e-02
   1.7126240e+00   9.0781088e-02
   1.7129644e+00   9.0754531e-02
   1.7132107e+00   9.0735350e-02
   1.7136402e+00   9.0701989e-02
   1.7139513e+00   9.0677899e-02
   1.7144937e+00   9.0636015e-02
   1.7148867e+00   9.0605780e-02
   1.7151712e+00   9.0583945e-02
   1.7156674e+00   9.0545978e-02
   1.7160267e+00   9.0518567e-02
   1.7162868e+00   9.0498770e-02
   1.7167404e+00   9.0464343e-02
   1.7170688e+00   9.0439485e-02
   1.7176417e+00   9.0396270e-02
   1.7180567e+00   9.0365078e-02
   1.7183572e+00   9.0342555e-02
   1.7188812e+00   9.0303393e-02
   1.7192607e+00   9.0275123e-02
   1.7195354e+00   9.0254707e-02
   1.7200145e+00   9.0219207e-02
   1.7203614e+00   9.0193577e-02
   1.7206125e+00   9.0175065e-02
   1.7210503e+00   9.0142873e-02
   1.7213673e+00   9.0119629e-02
   1.7219200e+00   9.0079220e-02
   1.7223204e+00   9.0050052e-02
   1.7226103e+00   9.0028990e-02
   1.7231157e+00   8.9992368e-02
   1.7234817e+00   8.9965931e-02
   1.7237467e+00   8.9946839e-02
   1.7242086e+00   8.9913639e-02
   1.7245430e+00   8.9889670e-02
   1.7247851e+00   8.9872358e-02
   1.7252071e+00   8.9842251e-02
   1.7255126e+00   8.9820512e-02
   1.7260453e+00   8.9782717e-02
   1.7264310e+00   8.9755437e-02
   1.7267103e+00   8.9735737e-02
   1.7271972e+00   8.9701483e-02
   1.7275497e+00   8.9676755e-02
   1.7278049e+00   8.9658897e-02
   1.7282497e+00   8.9627842e-02
   1.7285717e+00   8.9605420e-02
   1.7291333e+00   8.9566443e-02
   1.7295400e+00   8.9538312e-02
   1.7298344e+00   8.9518000e-02
   1.7303477e+00   8.9482684e-02
   1.7307194e+00   8.9457193e-02
   1.7309884e+00   8.9438784e-02
   1.7314574e+00   8.9406775e-02
   1.7317969e+00   8.9383667e-02
   1.7320427e+00   8.9366977e-02
   1.7324710e+00   8.9337955e-02
   1.7327811e+00   8.9317001e-02
   1.7333217e+00   8.9280573e-02
   1.7337132e+00   8.9254282e-02
   1.7339966e+00   8.9235296e-02
   1.7344906e+00   8.9202288e-02
   1.7348482e+00   8.9178461e-02
   1.7351071e+00   8.9161253e-02
   1.7355583e+00   8.9131333e-02
   1.7358849e+00   8.9109732e-02
   1.7364544e+00   8.9072184e-02
   1.7368669e+00   8.9045086e-02
   1.7371654e+00   8.9025521e-02
   1.7376858e+00   8.8991507e-02
   1.7380627e+00   8.8966956e-02
   1.7383354e+00   8.8949228e-02
   1.7388108e+00   8.8918404e-02
   1.7391549e+00   8.8896152e-02
   1.7394040e+00   8.8880083e-02
   1.7398381e+00   8.8852139e-02
   1.7401523e+00   8.8831965e-02
   1.7407001e+00   8.8796896e-02
   1.7410967e+00   8.8771586e-02
   1.7413838e+00   8.8753311e-02
   1.7418842e+00   8.8721540e-02
   1.7422464e+00   8.8698606e-02
   1.7425086e+00   8.8682046e-02
   1.7429656e+00   8.8653250e-02
   1.7432963e+00   8.8632463e-02
   1.7438730e+00   8.8596332e-02
   1.7442906e+00   8.8570258e-02
   1.7445928e+00   8.8551433e-02
   1.7451196e+00   8.8518709e-02
   1.7455010e+00   8.8495090e-02
   1.7457771e+00   8.8478035e-02
   1.7462582e+00   8.8448384e-02
   1.7466064e+00   8.8426981e-02
   1.7468585e+00   8.8411524e-02
   1.7472977e+00   8.8384648e-02
   1.7476156e+00   8.8365245e-02
   1.7481697e+00   8.8331519e-02
   1.7485710e+00   8.8307180e-02
   1.7488613e+00   8.8289607e-02
   1.7493674e+00   8.8259056e-02
   1.7497338e+00   8.8237006e-02
   1.7499989e+00   8.8221083e-02
