   0.0000000e+00   0.0000000e+00
   4.0244583e-02   5.4705376e-02
   4.0422476e-02   5.4946744e-02
   4.0551649e-02   5.5122005e-02
   4.0681229e-02   5.5297813e-02
   4.0811216e-02   5.5474171e-02
   4.0941611e-02   5.5651080e-02
   4.1072417e-02   5.5828543e-02
   4.1203633e-02   5.6006559e-02
   4.1335262e-02   5.6185132e-02
   4.1467305e-02   5.6364263e-02
   4.1599762e-02   5.6543953e-02
   4.1732636e-02   5.6724204e-02
   4.1865927e-02   5.6905018e-02
   4.1999636e-02   5.7086396e-02
   4.2133765e-02   5.7268340e-02
   4.2268315e-02   5.7450852e-02
   4.2403288e-02   5.7633933e-02
   4.2538684e-02   5.7817584e-02
   4.2674504e-02   5.8001809e-02
   4.2810751e-02   5.8186608e-02
   4.2947425e-02   5.8371982e-02
   4.3084528e-02   5.8557934e-02
   4.3222061e-02   5.8744466e-02
   4.3360024e-02   5.8931578e-02
   4.3498421e-02   5.9119273e-02
   4.3637250e-02   5.9307552e-02
   4.3776515e-02   5.9496418e-02
   4.3916216e-02   5.9685871e-02
   4.4056355e-02   5.9875913e-02
   4.4196932e-02   6.0066546e-02
   4.4337950e-02   6.0257773e-02
   4.4479409e-02   6.0449593e-02
   4.4621310e-02   6.0642010e-02
   4.4763656e-02   6.0835025e-02
   4.4906447e-02   6.1028640e-02
   4.5049684e-02   6.1222855e-02
   4.5193370e-02   6.1417674e-02
   4.5337505e-02   6.1613098e-02
   4.5482090e-02   6.1809128e-02
   4.5627127e-02   6.2005767e-02
   4.5772618e-02   6.2203015e-02
   4.5918563e-02   6.2400876e-02
   4.6064964e-02   6.2599350e-02
   4.6211822e-02   6.2798439e-02
   4.6359139e-02   6.2998145e-02
   4.6506916e-02   6.3198470e-02
   4.6655153e-02   6.3399415e-02
   4.6803854e-02   6.3600983e-02
   4.6953018e-02   6.3803174e-02
   4.7102648e-02   6.4005992e-02
   4.7252744e-02   6.4209437e-02
   4.7403308e-02   6.4413512e-02
   4.7554342e-02   6.4618217e-02
   4.7705846e-02   6.4823556e-02
   4.7857822e-02   6.5029529e-02
   4.8010272e-02   6.5236139e-02
   4.8163197e-02   6.5443387e-02
   4.8316597e-02   6.5651276e-02
   4.8470476e-02   6.5859806e-02
   4.8624833e-02   6.6068980e-02
   4.8779670e-02   6.6278800e-02
   4.8934990e-02   6.6489266e-02
   4.9090792e-02   6.6700383e-02
   4.9247079e-02   6.6912150e-02
   4.9403852e-02   6.7124569e-02
   4.9561112e-02   6.7337644e-02
   4.9718861e-02   6.7551375e-02
   4.9877100e-02   6.7765764e-02
   5.0035830e-02   6.7980813e-02
   5.0150946e-02   6.8136769e-02
   5.0351823e-02   6.8408906e-02
   5.0497621e-02   6.8606419e-02
   5.0752187e-02   6.8951267e-02
   5.0937139e-02   6.9201803e-02
   5.1071330e-02   6.9383574e-02
   5.1305571e-02   6.9700857e-02
   5.1475679e-02   6.9931265e-02
   5.1599062e-02   7.0098379e-02
   5.1814385e-02   7.0390012e-02
   5.1970693e-02   7.0601708e-02
   5.2243639e-02   7.0971359e-02
   5.2441983e-02   7.1239966e-02
   5.2585912e-02   7.1434875e-02
   5.2837176e-02   7.1775126e-02
   5.3019680e-02   7.2022255e-02
   5.3152070e-02   7.2201520e-02
   5.3383135e-02   7.2514386e-02
   5.3550896e-02   7.2741530e-02
   5.3672555e-02   7.2906248e-02
   5.3884844e-02   7.3193664e-02
   5.4038914e-02   7.3402252e-02
   5.4307912e-02   7.3766419e-02
   5.4503332e-02   7.4030967e-02
   5.4645111e-02   7.4222893e-02
   5.4892586e-02   7.4557886e-02
   5.5072293e-02   7.4801135e-02
   5.5202630e-02   7.4977554e-02
   5.5430082e-02   7.5285411e-02
   5.5595183e-02   7.5508867e-02
   5.5883470e-02   7.5899034e-02
   5.6092944e-02   7.6182523e-02
   5.6244940e-02   7.6388217e-02
   5.6510276e-02   7.6747279e-02
   5.6702986e-02   7.7008048e-02
   5.6842772e-02   7.7197197e-02
   5.7086735e-02   7.7527297e-02
   5.7263848e-02   7.7766936e-02
   5.7392282e-02   7.7940705e-02
   5.7616385e-02   7.8243901e-02
   5.7779019e-02   7.8463927e-02
   5.8062955e-02   7.8848042e-02
   5.8269211e-02   7.9127057e-02
   5.8418842e-02   7.9329465e-02
   5.8680012e-02   7.9682738e-02
   5.8869649e-02   7.9939240e-02
   5.9007181e-02   8.0125259e-02
   5.9247179e-02   8.0449856e-02
   5.9421375e-02   8.0685445e-02
   5.9725527e-02   8.1096775e-02
   5.9946511e-02   8.1395611e-02
   6.0106848e-02   8.1612428e-02
   6.0386732e-02   8.1990884e-02
   6.0589991e-02   8.2265716e-02
   6.0737421e-02   8.2465052e-02
   6.0994713e-02   8.2812916e-02
   6.1181490e-02   8.3065430e-02
   6.1316925e-02   8.3248525e-02
   6.1553233e-02   8.3567980e-02
   6.1724713e-02   8.3799787e-02
   6.2024079e-02   8.4204449e-02
   6.2241525e-02   8.4498361e-02
   6.2399265e-02   8.4711563e-02
   6.2674575e-02   8.5083657e-02
   6.2874464e-02   8.5353801e-02
   6.3019423e-02   8.5549702e-02
   6.3272371e-02   8.5891526e-02
   6.3455952e-02   8.6139601e-02
   6.3776477e-02   8.6572703e-02
   6.4009335e-02   8.6887327e-02
   6.4178277e-02   8.7115583e-02
   6.4473167e-02   8.7513984e-02
   6.4687307e-02   8.7803274e-02
   6.4842619e-02   8.8013084e-02
   6.5113656e-02   8.8379206e-02
   6.5310395e-02   8.8644953e-02
   6.5453046e-02   8.8837632e-02
   6.5701936e-02   8.9173793e-02
   6.5882534e-02   8.9417704e-02
   6.6197800e-02   8.9843472e-02
   6.6426776e-02   9.0152685e-02
   6.6592869e-02   9.0376970e-02
   6.6882745e-02   9.0768387e-02
   6.7093193e-02   9.1052536e-02
   6.7245800e-02   9.1258579e-02
   6.7512083e-02   9.1618084e-02
   6.7705328e-02   9.1878969e-02
   6.7845423e-02   9.2068093e-02
   6.8089824e-02   9.2398012e-02
   6.8267130e-02   9.2637345e-02
   6.8576603e-02   9.3055060e-02
   6.8801313e-02   9.3358348e-02
   6.8964283e-02   9.3578294e-02
   6.9248670e-02   9.3962087e-02
   6.9455084e-02   9.4240637e-02
   6.9604742e-02   9.4442587e-02
   6.9865846e-02   9.4794905e-02
   7.0055293e-02   9.5050521e-02
   7.0385991e-02   9.5496695e-02
   7.0626154e-02   9.5820697e-02
   7.0800350e-02   9.6055693e-02
   7.1104355e-02   9.6465779e-02
   7.1325042e-02   9.6763456e-02
   7.1485065e-02   9.6979295e-02
   7.1764274e-02   9.7355872e-02
   7.1966886e-02   9.7629125e-02
   7.2113763e-02   9.7827202e-02
   7.2369987e-02   9.8172725e-02
   7.2555856e-02   9.8423360e-02
   7.2880260e-02   9.8860775e-02
   7.3115792e-02   9.9178336e-02
   7.3286599e-02   9.9408618e-02
   7.3584649e-02   9.9810426e-02
   7.3800964e-02   1.0010203e-01
   7.3957790e-02   1.0031342e-01
   7.4231390e-02   1.0068221e-01
   7.4429889e-02   1.0094975e-01
   7.4776370e-02   1.0141671e-01
   7.5027972e-02   1.0175577e-01
   7.5210454e-02   1.0200167e-01
   7.5528901e-02   1.0243077e-01
   7.5760054e-02   1.0274222e-01
   7.5927655e-02   1.0296802e-01
   7.6220075e-02   1.0336197e-01
   7.6432256e-02   1.0364781e-01
   7.6586063e-02   1.0385500e-01
   7.6854362e-02   1.0421639e-01
   7.7048977e-02   1.0447852e-01
   7.7388629e-02   1.0493596e-01
   7.7635210e-02   1.0526804e-01
   7.7814019e-02   1.0550882e-01
   7.8126015e-02   1.0592894e-01
   7.8352433e-02   1.0623380e-01
   7.8516575e-02   1.0645479e-01
   7.8802924e-02   1.0684030e-01
   7.9010658e-02   1.0711995e-01
   7.9161218e-02   1.0732263e-01
   7.9423825e-02   1.0767611e-01
   7.9614276e-02   1.0793245e-01
   7.9946616e-02   1.0837974e-01
   8.0187831e-02   1.0870436e-01
   8.0362718e-02   1.0893971e-01
   8.0667835e-02   1.0935028e-01
   8.0889214e-02   1.0964814e-01
   8.1049677e-02   1.0986404e-01
   8.1329577e-02   1.1024060e-01
   8.1532594e-02   1.1051372e-01
   8.1886889e-02   1.1099030e-01
   8.2144077e-02   1.1133623e-01
   8.2330565e-02   1.1158705e-01
   8.2655947e-02   1.1202464e-01
   8.2892058e-02   1.1234216e-01
   8.3063218e-02   1.1257231e-01
   8.3361796e-02   1.1297378e-01
   8.3578385e-02   1.1326498e-01
   8.3735354e-02   1.1347601e-01
   8.4009130e-02   1.1384406e-01
   8.4207667e-02   1.1411094e-01
   8.4554099e-02   1.1457659e-01
   8.4805521e-02   1.1491451e-01
   8.4987796e-02   1.1515948e-01
   8.5305789e-02   1.1558681e-01
   8.5536490e-02   1.1589681e-01
   8.5703702e-02   1.1612148e-01
   8.5995361e-02   1.1651335e-01
   8.6206890e-02   1.1679753e-01
   8.6576022e-02   1.1729340e-01
   8.6843956e-02   1.1765330e-01
   8.7038223e-02   1.1791422e-01
   8.7377159e-02   1.1836942e-01
   8.7623086e-02   1.1869968e-01
   8.7801350e-02   1.1893905e-01
   8.8112307e-02   1.1935658e-01
   8.8337858e-02   1.1965941e-01
   8.8501313e-02   1.1987885e-01
   8.8786389e-02   1.2026155e-01
   8.8993106e-02   1.2053903e-01
   8.9353793e-02   1.2102316e-01
   8.9615536e-02   1.2137444e-01
   8.9805282e-02   1.2162908e-01
   9.0136292e-02   1.2207326e-01
   9.0376417e-02   1.2239545e-01
   9.0550449e-02   1.2262895e-01
   9.0853990e-02   1.2303618e-01
   9.1074121e-02   1.2333148e-01
   9.1233625e-02   1.2354544e-01
   9.1511784e-02   1.2391854e-01
   9.1713450e-02   1.2418901e-01
   9.2065279e-02   1.2466085e-01
   9.2320540e-02   1.2500314e-01
   9.2505557e-02   1.2525123e-01
   9.2828280e-02   1.2568392e-01
   9.3062347e-02   1.2599772e-01
   9.3231964e-02   1.2622510e-01
   9.3527775e-02   1.2662162e-01
   9.3742261e-02   1.2690911e-01
   9.4116482e-02   1.2741065e-01
   9.4388024e-02   1.2777453e-01
   9.4584859e-02   1.2803829e-01
   9.4928220e-02   1.2849835e-01
   9.5177285e-02   1.2883203e-01
   9.5357785e-02   1.2907383e-01
   9.5672593e-02   1.2949552e-01
   9.5900878e-02   1.2980129e-01
   9.6066281e-02   1.3002282e-01
   9.6354716e-02   1.3040910e-01
   9.6563817e-02   1.3068911e-01
   9.6928599e-02   1.3117754e-01
   9.7193234e-02   1.3153185e-01
   9.7385034e-02   1.3178862e-01
   9.7719572e-02   1.3223644e-01
   9.7962189e-02   1.3256118e-01
   9.8137992e-02   1.3279648e-01
   9.8444577e-02   1.3320678e-01
   9.8666858e-02   1.3350423e-01
   9.8827892e-02   1.3371970e-01
   9.9108679e-02   1.3409539e-01
   9.9312204e-02   1.3436768e-01
   9.9667217e-02   1.3484260e-01
   9.9924712e-02   1.3518703e-01
   1.0011131e-01   1.3543660e-01
   1.0043674e-01   1.3587183e-01
   1.0067271e-01   1.3618738e-01
   1.0084367e-01   1.3641599e-01
   1.0114179e-01   1.3681458e-01
   1.0135789e-01   1.3710350e-01
   1.0173487e-01   1.3760745e-01
   1.0200833e-01   1.3797296e-01
   1.0220651e-01   1.3823784e-01
   1.0255217e-01   1.3869978e-01
   1.0280283e-01   1.3903473e-01
   1.0298445e-01   1.3927740e-01
   1.0330117e-01   1.3970055e-01
   1.0353078e-01   1.4000729e-01
   1.0369711e-01   1.4022948e-01
   1.0398713e-01   1.4061686e-01
   1.0419733e-01   1.4089761e-01
   1.0456397e-01   1.4138724e-01
   1.0482988e-01   1.4174231e-01
   1.0502256e-01   1.4199958e-01
   1.0535858e-01   1.4244819e-01
   1.0560221e-01   1.4277342e-01
   1.0577872e-01   1.4300902e-01
   1.0608648e-01   1.4341980e-01
   1.0630957e-01   1.4371753e-01
   1.0647116e-01   1.4393316e-01
   1.0675288e-01   1.4430908e-01
   1.0695703e-01   1.4458148e-01
   1.0731309e-01   1.4505650e-01
   1.0757127e-01   1.4540091e-01
   1.0775833e-01   1.4565042e-01
   1.0808451e-01   1.4608546e-01
   1.0832097e-01   1.4640080e-01
   1.0849226e-01   1.4662921e-01
   1.0879090e-01   1.4702741e-01
   1.0900734e-01   1.4731598e-01
   1.0938483e-01   1.4781922e-01
   1.0965859e-01   1.4818412e-01
   1.0985695e-01   1.4844850e-01
   1.1020286e-01   1.4890948e-01
   1.1045364e-01   1.4924365e-01
   1.1063531e-01   1.4948572e-01
   1.1095207e-01   1.4990774e-01
   1.1118167e-01   1.5021359e-01
   1.1134796e-01   1.5043510e-01
   1.1163787e-01   1.5082124e-01
   1.1184794e-01   1.5110103e-01
   1.1221431e-01   1.5158890e-01
   1.1247995e-01   1.5194260e-01
   1.1267239e-01   1.5219882e-01
   1.1300796e-01   1.5264555e-01
   1.1325121e-01   1.5296933e-01
   1.1342740e-01   1.5320383e-01
   1.1373458e-01   1.5361265e-01
   1.1395719e-01   1.5390888e-01
   1.1434544e-01   1.5442547e-01
   1.1462696e-01   1.5480001e-01
   1.1483094e-01   1.5507136e-01
   1.1518663e-01   1.5554446e-01
   1.1544448e-01   1.5588739e-01
   1.1563126e-01   1.5613578e-01
   1.1595692e-01   1.5656882e-01
   1.1619295e-01   1.5688262e-01
   1.1636389e-01   1.5710988e-01
   1.1666189e-01   1.5750603e-01
   1.1687782e-01   1.5779304e-01
   1.1725438e-01   1.5829348e-01
   1.1752738e-01   1.5865626e-01
   1.1772515e-01   1.5891905e-01
   1.1806998e-01   1.5937719e-01
   1.1831993e-01   1.5970922e-01
   1.1850096e-01   1.5994968e-01
   1.1881657e-01   1.6036886e-01
   1.1904527e-01   1.6067259e-01
   1.1921089e-01   1.6089252e-01
   1.1949960e-01   1.6127586e-01
   1.1970877e-01   1.6155356e-01
   1.2007349e-01   1.6203773e-01
   1.2033786e-01   1.6238864e-01
   1.2052936e-01   1.6264280e-01
   1.2086324e-01   1.6308587e-01
   1.2110519e-01   1.6340692e-01
   1.2128043e-01   1.6363942e-01
   1.2158589e-01   1.6404467e-01
   1.2180722e-01   1.6433825e-01
   1.2219316e-01   1.6485014e-01
   1.2247295e-01   1.6522118e-01
   1.2267562e-01   1.6548993e-01
   1.2302899e-01   1.6595845e-01
   1.2328510e-01   1.6629797e-01
   1.2347059e-01   1.6654384e-01
   1.2379395e-01   1.6697244e-01
   1.2402826e-01   1.6728296e-01
   1.2419793e-01   1.6750780e-01
   1.2449369e-01   1.6789968e-01
   1.2470794e-01   1.6818355e-01
   1.2508153e-01   1.6867844e-01
   1.2535231e-01   1.6903710e-01
   1.2554844e-01   1.6929685e-01
   1.2589037e-01   1.6974964e-01
   1.2613814e-01   1.7007771e-01
   1.2631758e-01   1.7031528e-01
   1.2663037e-01   1.7072935e-01
   1.2685698e-01   1.7102930e-01
   1.2702106e-01   1.7124647e-01
   1.2730706e-01   1.7162496e-01
   1.2751422e-01   1.7189909e-01
   1.2787539e-01   1.7237696e-01
   1.2813714e-01   1.7272323e-01
   1.2832670e-01   1.7297398e-01
   1.2865716e-01   1.7341105e-01
   1.2889658e-01   1.7372769e-01
   1.2906996e-01   1.7395694e-01
   1.2937215e-01   1.7435651e-01
   1.2959106e-01   1.7464592e-01
   1.2997274e-01   1.7515045e-01
   1.3024936e-01   1.7551606e-01
   1.3044971e-01   1.7578084e-01
   1.3079899e-01   1.7624236e-01
   1.3105207e-01   1.7657673e-01
   1.3123534e-01   1.7681884e-01
   1.3155480e-01   1.7724082e-01
   1.3178623e-01   1.7754649e-01
   1.3195379e-01   1.7776778e-01
   1.3224584e-01   1.7815343e-01
   1.3245737e-01   1.7843273e-01
   1.3282616e-01   1.7891960e-01
   1.3309340e-01   1.7927235e-01
   1.3328694e-01   1.7952778e-01
   1.3362430e-01   1.7997300e-01
   1.3386871e-01   1.8029551e-01
   1.3404569e-01   1.8052900e-01
   1.3435415e-01   1.8093594e-01
   1.3457759e-01   1.8123067e-01
   1.3496715e-01   1.8174445e-01
   1.3524946e-01   1.8211674e-01
   1.3545392e-01   1.8238632e-01
   1.3581034e-01   1.8285621e-01
   1.3606858e-01   1.8319662e-01
   1.3625558e-01   1.8344309e-01
   1.3658152e-01   1.8387264e-01
   1.3681763e-01   1.8418377e-01
   1.3698858e-01   1.8440900e-01
   1.3728651e-01   1.8480151e-01
   1.3750230e-01   1.8508576e-01
   1.3787848e-01   1.8558122e-01
   1.3815106e-01   1.8594018e-01
   1.3834845e-01   1.8620009e-01
   1.3869251e-01   1.8665308e-01
   1.3894177e-01   1.8698120e-01
   1.3912224e-01   1.8721875e-01
   1.3943679e-01   1.8763273e-01
   1.3966462e-01   1.8793253e-01
   1.4006182e-01   1.8845514e-01
   1.4034965e-01   1.8883378e-01
   1.4055809e-01   1.8910795e-01
   1.4092144e-01   1.8958582e-01
   1.4118468e-01   1.8993198e-01
   1.4137529e-01   1.9018260e-01
   1.4170751e-01   1.9061936e-01
   1.4194816e-01   1.9093569e-01
   1.4212238e-01   1.9116468e-01
   1.4242602e-01   1.9156371e-01
   1.4264592e-01   1.9185267e-01
   1.4302925e-01   1.9235631e-01
   1.4330700e-01   1.9272116e-01
   1.4350811e-01   1.9298532e-01
   1.4385867e-01   1.9344570e-01
   1.4411261e-01   1.9377915e-01
   1.4429646e-01   1.9402054e-01
   1.4461689e-01   1.9444120e-01
   1.4484897e-01   1.9474583e-01
   1.4525355e-01   1.9527680e-01
   1.4554671e-01   1.9566147e-01
   1.4575899e-01   1.9594000e-01
   1.4612903e-01   1.9642542e-01
   1.4639710e-01   1.9677703e-01
   1.4659120e-01   1.9703157e-01
   1.4692948e-01   1.9747516e-01
   1.4717451e-01   1.9779641e-01
   1.4735189e-01   1.9802895e-01
   1.4766102e-01   1.9843416e-01
   1.4788489e-01   1.9872756e-01
   1.4827512e-01   1.9923893e-01
   1.4855785e-01   1.9960935e-01
   1.4876256e-01   1.9987753e-01
   1.4911936e-01   2.0034489e-01
   1.4937781e-01   2.0068336e-01
   1.4956492e-01   2.0092838e-01
   1.4989102e-01   2.0135534e-01
   1.5012718e-01   2.0166451e-01
   1.5029814e-01   2.0188829e-01
   1.5059605e-01   2.0227820e-01
   1.5081177e-01   2.0256050e-01
   1.5118777e-01   2.0305249e-01
   1.5146015e-01   2.0340882e-01
   1.5165735e-01   2.0366678e-01
   1.5200103e-01   2.0411629e-01
   1.5224995e-01   2.0444180e-01
   1.5243015e-01   2.0467741e-01
   1.5274417e-01   2.0508796e-01
   1.5297157e-01   2.0538521e-01
   1.5336794e-01   2.0590327e-01
   1.5365509e-01   2.0627850e-01
   1.5386300e-01   2.0655014e-01
   1.5422535e-01   2.0702352e-01
   1.5448781e-01   2.0736634e-01
   1.5467781e-01   2.0761448e-01
   1.5500893e-01   2.0804687e-01
   1.5524872e-01   2.0835995e-01
   1.5542230e-01   2.0858655e-01
   1.5572476e-01   2.0898136e-01
   1.5594376e-01   2.0926720e-01
   1.5632548e-01   2.0976531e-01
   1.5660197e-01   2.1012606e-01
   1.5680214e-01   2.1038719e-01
   1.5715100e-01   2.1084222e-01
   1.5740364e-01   2.1117171e-01
   1.5758653e-01   2.1141019e-01
   1.5790523e-01   2.1182571e-01
   1.5813600e-01   2.1212655e-01
   1.5853823e-01   2.1265083e-01
   1.5882961e-01   2.1303054e-01
   1.5904056e-01   2.1330541e-01
   1.5940822e-01   2.1378439e-01
   1.5967450e-01   2.1413123e-01
   1.5986726e-01   2.1438228e-01
   1.6020318e-01   2.1481972e-01
   1.6044643e-01   2.1513643e-01
   1.6062250e-01   2.1536565e-01
   1.6092931e-01   2.1576501e-01
   1.6115144e-01   2.1605411e-01
   1.6153860e-01   2.1655791e-01
   1.6181902e-01   2.1692274e-01
   1.6202202e-01   2.1718682e-01
   1.6237579e-01   2.1764697e-01
   1.6263199e-01   2.1798013e-01
   1.6281744e-01   2.1822127e-01
   1.6314059e-01   2.1864140e-01
   1.6337457e-01   2.1894555e-01
   1.6378239e-01   2.1947558e-01
   1.6407778e-01   2.1985942e-01
   1.6429164e-01   2.2013727e-01
   1.6466434e-01   2.2062141e-01
   1.6493426e-01   2.2097198e-01
   1.6512964e-01   2.2122570e-01
   1.6547012e-01   2.2166779e-01
   1.6571665e-01   2.2198784e-01
   1.6589509e-01   2.2221947e-01
   1.6620602e-01   2.2262301e-01
   1.6643113e-01   2.2291513e-01
   1.6682345e-01   2.2342415e-01
   1.6710760e-01   2.2379274e-01
   1.6731328e-01   2.2405952e-01
   1.6767173e-01   2.2452436e-01
   1.6793129e-01   2.2486091e-01
   1.6811916e-01   2.2510447e-01
   1.6844654e-01   2.2552882e-01
   1.6868356e-01   2.2583601e-01
   1.6909667e-01   2.2637130e-01
   1.6939587e-01   2.2675893e-01
   1.6961248e-01   2.2703950e-01
   1.6998995e-01   2.2752838e-01
   1.7026331e-01   2.2788233e-01
   1.7046117e-01   2.2813851e-01
   1.7080596e-01   2.2858483e-01
   1.7105561e-01   2.2890794e-01
   1.7123629e-01   2.2914176e-01
   1.7155112e-01   2.2954912e-01
   1.7177904e-01   2.2984399e-01
   1.7217625e-01   2.3035777e-01
   1.7246391e-01   2.3072977e-01
   1.7267213e-01   2.3099902e-01
   1.7303499e-01   2.3146812e-01
   1.7329773e-01   2.3180774e-01
   1.7348790e-01   2.3205351e-01
   1.7381925e-01   2.3248169e-01
   1.7405915e-01   2.3279164e-01
   1.7447724e-01   2.3333171e-01
   1.7478004e-01   2.3372276e-01
   1.7499923e-01   2.3400580e-01
   1.7538121e-01   2.3449895e-01
   1.7565781e-01   2.3485598e-01
   1.7585801e-01   2.3511437e-01
   1.7620687e-01   2.3556453e-01
   1.7645944e-01   2.3589039e-01
   1.7664224e-01   2.3612620e-01
   1.7696073e-01   2.3653700e-01
   1.7719130e-01   2.3683434e-01
   1.7759310e-01   2.3735241e-01
   1.7788407e-01   2.3772749e-01
   1.7809469e-01   2.3799895e-01
   1.7846169e-01   2.3847190e-01
   1.7872742e-01   2.3881427e-01
   1.7891973e-01   2.3906202e-01
   1.7925483e-01   2.3949364e-01
   1.7949743e-01   2.3980606e-01
   1.7992021e-01   2.4035042e-01
   1.8022638e-01   2.4074455e-01
   1.8044800e-01   2.4102979e-01
   1.8083420e-01   2.4152677e-01
   1.8111384e-01   2.4188655e-01
   1.8131624e-01   2.4214691e-01
   1.8166890e-01   2.4260049e-01
   1.8192422e-01   2.4292881e-01
   1.8236919e-01   2.4350089e-01
   1.8269145e-01   2.4391511e-01
   1.8292473e-01   2.4421490e-01
   1.8333124e-01   2.4473722e-01
   1.8362560e-01   2.4511536e-01
   1.8383866e-01   2.4538902e-01
   1.8420991e-01   2.4586577e-01
   1.8447870e-01   2.4621087e-01
   1.8467323e-01   2.4646059e-01
   1.8501216e-01   2.4689562e-01
   1.8525752e-01   2.4721049e-01
   1.8568510e-01   2.4775908e-01
   1.8599472e-01   2.4815625e-01
   1.8621884e-01   2.4844368e-01
   1.8660937e-01   2.4894445e-01
   1.8689212e-01   2.4930694e-01
   1.8709676e-01   2.4956925e-01
   1.8745333e-01   2.5002622e-01
   1.8771146e-01   2.5035697e-01
   1.8816131e-01   2.5093326e-01
   1.8848708e-01   2.5135049e-01
   1.8872289e-01   2.5165244e-01
   1.8913381e-01   2.5217851e-01
   1.8943133e-01   2.5255934e-01
   1.8964667e-01   2.5283492e-01
   1.9002189e-01   2.5331502e-01
   1.9029353e-01   2.5366252e-01
   1.9049011e-01   2.5391396e-01
   1.9083262e-01   2.5435198e-01
   1.9108056e-01   2.5466899e-01
   1.9151261e-01   2.5522130e-01
   1.9182546e-01   2.5562112e-01
   1.9205189e-01   2.5591046e-01
   1.9244645e-01   2.5641453e-01
   1.9273210e-01   2.5677939e-01
   1.9293883e-01   2.5704341e-01
   1.9329903e-01   2.5750332e-01
   1.9355978e-01   2.5783619e-01
   1.9401417e-01   2.5841612e-01
   1.9434320e-01   2.5883597e-01
   1.9458136e-01   2.5913980e-01
   1.9499636e-01   2.5966912e-01
   1.9529683e-01   2.6005226e-01
   1.9551429e-01   2.6032951e-01
   1.9589318e-01   2.6081250e-01
   1.9616747e-01   2.6116206e-01
   1.9636596e-01   2.6141499e-01
   1.9671179e-01   2.6185558e-01
   1.9696211e-01   2.6217444e-01
   1.9739831e-01   2.6272993e-01
   1.9771414e-01   2.6313204e-01
   1.9794272e-01   2.6342301e-01
   1.9834101e-01   2.6392991e-01
   1.9862935e-01   2.6429679e-01
   1.9883801e-01   2.6456225e-01
   1.9920157e-01   2.6502468e-01
   1.9946474e-01   2.6535935e-01
   1.9992332e-01   2.6594239e-01
   2.0025538e-01   2.6636446e-01
   2.0049572e-01   2.6666988e-01
   2.0091449e-01   2.6720195e-01
   2.0121767e-01   2.6758706e-01
   2.0143709e-01   2.6786572e-01
   2.0181938e-01   2.6835114e-01
   2.0209611e-01   2.6870245e-01
   2.0229636e-01   2.6895663e-01
   2.0264525e-01   2.6939938e-01
   2.0289777e-01   2.6971978e-01
   2.0333779e-01   2.7027795e-01
   2.0365637e-01   2.7068196e-01
   2.0388693e-01   2.7097431e-01
   2.0428865e-01   2.7148356e-01
   2.0457947e-01   2.7185213e-01
   2.0478991e-01   2.7211880e-01
   2.0515656e-01   2.7258332e-01
   2.0542195e-01   2.7291948e-01
   2.0588440e-01   2.7350510e-01
   2.0621924e-01   2.7392900e-01
   2.0646157e-01   2.7423574e-01
   2.0688381e-01   2.7477007e-01
   2.0718949e-01   2.7515680e-01
   2.0741070e-01   2.7543661e-01
   2.0779610e-01   2.7592403e-01
   2.0807508e-01   2.7627676e-01
   2.0856122e-01   2.7689127e-01
   2.0891322e-01   2.7733609e-01
   2.0916798e-01   2.7765797e-01
   2.0961189e-01   2.7821868e-01
   2.0993326e-01   2.7862452e-01
   2.1016584e-01   2.7891816e-01
   2.1057106e-01   2.7942966e-01
   2.1086439e-01   2.7979984e-01
   2.1107665e-01   2.8006766e-01
   2.1144645e-01   2.8053416e-01
   2.1171410e-01   2.8087174e-01
   2.1218049e-01   2.8145981e-01
   2.1251814e-01   2.8188545e-01
   2.1276251e-01   2.8219343e-01
   2.1318828e-01   2.8272991e-01
   2.1349650e-01   2.8311817e-01
   2.1371954e-01   2.8339908e-01
   2.1410812e-01   2.8388838e-01
   2.1438938e-01   2.8424246e-01
   2.1487948e-01   2.8485929e-01
   2.1523433e-01   2.8530575e-01
   2.1549114e-01   2.8562880e-01
   2.1593861e-01   2.8619154e-01
   2.1626254e-01   2.8659882e-01
   2.1649696e-01   2.8689349e-01
   2.1690537e-01   2.8740676e-01
   2.1720100e-01   2.8777820e-01
   2.1741491e-01   2.8804692e-01
   2.1778758e-01   2.8851498e-01
   2.1805731e-01   2.8885366e-01
   2.1852727e-01   2.8944363e-01
   2.1886751e-01   2.8987062e-01
   2.1911373e-01   2.9017956e-01
   2.1954272e-01   2.9071769e-01
   2.1985325e-01   2.9110713e-01
   2.2007795e-01   2.9138887e-01
   2.2046943e-01   2.9187962e-01
   2.2075277e-01   2.9223472e-01
   2.2124647e-01   2.9285331e-01
   2.2160391e-01   2.9330101e-01
   2.2186258e-01   2.9362495e-01
   2.2231328e-01   2.9418921e-01
   2.2263953e-01   2.9459755e-01
   2.2287562e-01   2.9489299e-01
   2.2328694e-01   2.9540757e-01
   2.2358465e-01   2.9577994e-01
   2.2410341e-01   2.9642859e-01
   2.2447899e-01   2.9689806e-01
   2.2475081e-01   2.9723776e-01
   2.2522442e-01   2.9782946e-01
   2.2556727e-01   2.9825768e-01
   2.2581537e-01   2.9856750e-01
   2.2624763e-01   2.9910714e-01
   2.2656050e-01   2.9949764e-01
   2.2678690e-01   2.9978014e-01
   2.2718131e-01   3.0027219e-01
   2.2746676e-01   3.0062822e-01
   2.2796413e-01   3.0124839e-01
   2.2832419e-01   3.0169722e-01
   2.2858476e-01   3.0202195e-01
   2.2903874e-01   3.0258757e-01
   2.2936736e-01   3.0299687e-01
   2.2960515e-01   3.0329299e-01
   2.3001941e-01   3.0380875e-01
   2.3031924e-01   3.0418194e-01
   2.3084167e-01   3.0483200e-01
   2.3121990e-01   3.0530247e-01
   2.3149361e-01   3.0564286e-01
   2.3197051e-01   3.0623576e-01
   2.3231573e-01   3.0666482e-01
   2.3256553e-01   3.0697523e-01
   2.3300074e-01   3.0751588e-01
   2.3331574e-01   3.0790709e-01
   2.3386461e-01   3.0858855e-01
   2.3426200e-01   3.0908175e-01
   2.3454959e-01   3.0943859e-01
   2.3505066e-01   3.1006014e-01
   2.3541339e-01   3.1050994e-01
   2.3567588e-01   3.1083536e-01
   2.3613319e-01   3.1140216e-01
   2.3646420e-01   3.1181230e-01
   2.3670371e-01   3.1210900e-01
   2.3712096e-01   3.1262577e-01
   2.3742294e-01   3.1299966e-01
   2.3794910e-01   3.1365093e-01
   2.3833000e-01   3.1412224e-01
   2.3860564e-01   3.1446323e-01
   2.3908588e-01   3.1505714e-01
   2.3943349e-01   3.1548691e-01
   2.3968503e-01   3.1579781e-01
   2.4012323e-01   3.1633931e-01
   2.4044038e-01   3.1673112e-01
   2.4099299e-01   3.1741357e-01
   2.4139306e-01   3.1790746e-01
   2.4168257e-01   3.1826479e-01
   2.4218700e-01   3.1888716e-01
   2.4255213e-01   3.1933753e-01
   2.4281634e-01   3.1966334e-01
   2.4327665e-01   3.2023080e-01
   2.4360980e-01   3.2064140e-01
   2.4419031e-01   3.2135659e-01
   2.4461059e-01   3.2187418e-01
   2.4491474e-01   3.2224865e-01
   2.4544468e-01   3.2290090e-01
   2.4582829e-01   3.2337288e-01
   2.4610588e-01   3.2371434e-01
   2.4658950e-01   3.2430906e-01
   2.4693954e-01   3.2473938e-01
   2.4719283e-01   3.2505067e-01
   2.4763407e-01   3.2559283e-01
   2.4795340e-01   3.2598509e-01
   2.4850980e-01   3.2666831e-01
   2.4891258e-01   3.2716273e-01
   2.4920405e-01   3.2752041e-01
   2.4971187e-01   3.2814339e-01
   2.5007943e-01   3.2859417e-01
   2.5034540e-01   3.2892026e-01
   2.5080874e-01   3.2948820e-01
   2.5114409e-01   3.2989912e-01
   2.5172839e-01   3.3061484e-01
   2.5215138e-01   3.3113278e-01
   2.5245749e-01   3.3150749e-01
   2.5299081e-01   3.3216012e-01
   2.5337685e-01   3.3263236e-01
   2.5365620e-01   3.3297398e-01
   2.5414285e-01   3.3356897e-01
   2.5449508e-01   3.3399946e-01
   2.5510881e-01   3.3474927e-01
   2.5555312e-01   3.3529188e-01
   2.5587467e-01   3.3568445e-01
   2.5643490e-01   3.3636818e-01
   2.5684043e-01   3.3686293e-01
   2.5713388e-01   3.3722085e-01
   2.5764513e-01   3.3784420e-01
   2.5801516e-01   3.3829522e-01
   2.5865993e-01   3.3908080e-01
   2.5912674e-01   3.3964930e-01
   2.5946457e-01   3.4006060e-01
   2.6005319e-01   3.4077695e-01
   2.6047928e-01   3.4129532e-01
   2.6078762e-01   3.4167032e-01
   2.6132482e-01   3.4232343e-01
   2.6171364e-01   3.4279598e-01
   2.6199499e-01   3.4313782e-01
   2.6248512e-01   3.4373317e-01
   2.6283985e-01   3.4416389e-01
   2.6345791e-01   3.4491408e-01
   2.6390534e-01   3.4545693e-01
   2.6422912e-01   3.4584965e-01
   2.6479324e-01   3.4653363e-01
   2.6520156e-01   3.4702852e-01
   2.6549702e-01   3.4738652e-01
   2.6601175e-01   3.4801000e-01
   2.6638429e-01   3.4846109e-01
   2.6703340e-01   3.4924676e-01
   2.6750333e-01   3.4981528e-01
   2.6784340e-01   3.5022658e-01
   2.6843590e-01   3.5094291e-01
   2.6886479e-01   3.5146122e-01
   2.6917514e-01   3.5183616e-01
   2.6971581e-01   3.5248916e-01
   2.7010714e-01   3.5296160e-01
   2.7078901e-01   3.5378446e-01
   2.7128266e-01   3.5437990e-01
   2.7163992e-01   3.5481068e-01
   2.7226237e-01   3.5556093e-01
   2.7271295e-01   3.5610379e-01
   2.7303901e-01   3.5649649e-01
   2.7360706e-01   3.5718042e-01
   2.7401821e-01   3.5767525e-01
   2.7473463e-01   3.5853709e-01
   2.7525333e-01   3.5916076e-01
   2.7562871e-01   3.5961195e-01
   2.7628277e-01   3.6039776e-01
   2.7675625e-01   3.6096636e-01
   2.7709887e-01   3.6137769e-01
   2.7769581e-01   3.6209404e-01
   2.7812789e-01   3.6261234e-01
   2.7888079e-01   3.6351505e-01
   2.7942591e-01   3.6416829e-01
   2.7982043e-01   3.6464089e-01
   2.8050785e-01   3.6546398e-01
   2.8100549e-01   3.6605955e-01
   2.8136562e-01   3.6649040e-01
   2.8199305e-01   3.6724074e-01
   2.8244721e-01   3.6778364e-01
   2.8323862e-01   3.6872918e-01
   2.8381164e-01   3.6941343e-01
   2.8422638e-01   3.6990846e-01
   2.8494901e-01   3.7077062e-01
   2.8547217e-01   3.7139447e-01
   2.8585077e-01   3.7184577e-01
   2.8651041e-01   3.7263174e-01
   2.8698790e-01   3.7320042e-01
   2.8781997e-01   3.7419086e-01
   2.8842246e-01   3.7490760e-01
   2.8885854e-01   3.7542615e-01
   2.8961838e-01   3.7632925e-01
   2.9016849e-01   3.7698273e-01
   2.9056660e-01   3.7745547e-01
   2.9126026e-01   3.7827878e-01
   2.9176238e-01   3.7887447e-01
   2.9263742e-01   3.7991196e-01
   2.9327104e-01   3.8066276e-01
   2.9372966e-01   3.8120594e-01
   2.9452881e-01   3.8215195e-01
   2.9510740e-01   3.8283649e-01
   2.9568658e-01   3.8352139e-01
   2.9626635e-01   3.8420667e-01
   2.9684671e-01   3.8489232e-01
   2.9742766e-01   3.8557833e-01
   2.9800920e-01   3.8626471e-01
   2.9902274e-01   3.8746018e-01
   2.9975681e-01   3.8832539e-01
   3.0028820e-01   3.8895139e-01
   3.0121425e-01   3.9004164e-01
   3.0188483e-01   3.9083062e-01
   3.0255619e-01   3.9162006e-01
   3.0322832e-01   3.9240996e-01
   3.0390121e-01   3.9320033e-01
   3.0457488e-01   3.9399116e-01
   3.0574913e-01   3.9536858e-01
   3.0659978e-01   3.9636557e-01
   3.0745164e-01   3.9736328e-01
   3.0830472e-01   3.9836170e-01
   3.0915902e-01   3.9936084e-01
   3.1001453e-01   4.0036068e-01
   3.1087125e-01   4.0136122e-01
   3.1172919e-01   4.0236247e-01
   3.1322505e-01   4.0410648e-01
   3.1472458e-01   4.0585258e-01
   3.1622777e-01   4.0760076e-01
   3.1773463e-01   4.0935100e-01
   3.2036461e-01   4.1240045e-01
   3.2300566e-01   4.1545600e-01
   3.2492309e-01   4.1767012e-01
   3.2631353e-01   4.1927347e-01
   3.2770698e-01   4.2087843e-01
   3.2871661e-01   4.2204013e-01
   3.2972781e-01   4.2320265e-01
   3.3074058e-01   4.2436599e-01
   3.3175494e-01   4.2553015e-01
   3.3248943e-01   4.2637251e-01
   3.3322475e-01   4.2721528e-01
   3.3396089e-01   4.2805848e-01
   3.3469786e-01   4.2890210e-01
   3.3543565e-01   4.2974614e-01
   3.3617426e-01   4.3059059e-01
   3.3691369e-01   4.3143546e-01
   3.3765395e-01   4.3228075e-01
   3.3839503e-01   4.3312645e-01
   3.3913694e-01   4.3397255e-01
   3.3987967e-01   4.3481907e-01
   3.4041724e-01   4.3543143e-01
   3.4135396e-01   4.3649782e-01
   3.4203213e-01   4.3726934e-01
   3.4271098e-01   4.3804120e-01
   3.4320227e-01   4.3859952e-01
   3.4405827e-01   4.3957177e-01
   3.4467793e-01   4.4027513e-01
   3.4529815e-01   4.4097877e-01
   3.4591893e-01   4.4168269e-01
   3.4654028e-01   4.4238687e-01
   3.4698991e-01   4.4289621e-01
   3.4777328e-01   4.4378316e-01
   3.4834028e-01   4.4442477e-01
   3.4932832e-01   4.4554208e-01
   3.5004367e-01   4.4635045e-01
   3.5056139e-01   4.4693519e-01
   3.5146348e-01   4.4795344e-01
   3.5211651e-01   4.4869008e-01
   3.5258909e-01   4.4922291e-01
   3.5341245e-01   4.5015074e-01
   3.5400843e-01   4.5082194e-01
   3.5443967e-01   4.5130741e-01
   3.5519098e-01   4.5215276e-01
   3.5573475e-01   4.5276425e-01
   3.5668224e-01   4.5382910e-01
   3.5736818e-01   4.5459946e-01
   3.5786458e-01   4.5515668e-01
   3.5872948e-01   4.5612701e-01
   3.5935554e-01   4.5682894e-01
   3.5980858e-01   4.5733664e-01
   3.6059786e-01   4.5822072e-01
   3.6116913e-01   4.5886023e-01
   3.6158248e-01   4.5932276e-01
   3.6230258e-01   4.6012817e-01
   3.6282372e-01   4.6071075e-01
   3.6373176e-01   4.6172522e-01
   3.6438908e-01   4.6245911e-01
   3.6486474e-01   4.6298992e-01
   3.6569348e-01   4.6391425e-01
   3.6629333e-01   4.6458288e-01
   3.6672736e-01   4.6506648e-01
   3.6748352e-01   4.6590858e-01
   3.6803078e-01   4.6651770e-01
   3.6842674e-01   4.6695824e-01
   3.6911652e-01   4.6772534e-01
   3.6961569e-01   4.6828018e-01
   3.7048541e-01   4.6924636e-01
   3.7111494e-01   4.6994527e-01
   3.7157047e-01   4.7045078e-01
   3.7236411e-01   4.7133102e-01
   3.7293850e-01   4.7196774e-01
   3.7335411e-01   4.7242824e-01
   3.7407813e-01   4.7323011e-01
   3.7460210e-01   4.7381012e-01
   3.7498119e-01   4.7422958e-01
   3.7564157e-01   4.7495999e-01
   3.7611943e-01   4.7548828e-01
   3.7695200e-01   4.7640820e-01
   3.7755460e-01   4.7707363e-01
   3.7799062e-01   4.7755490e-01
   3.7875024e-01   4.7839293e-01
   3.7929998e-01   4.7899910e-01
   3.7969773e-01   4.7943749e-01
   3.8039063e-01   4.8020086e-01
   3.8089204e-01   4.8075299e-01
   3.8125479e-01   4.8115230e-01
   3.8188670e-01   4.8184759e-01
   3.8234394e-01   4.8235047e-01
   3.8314054e-01   4.8322612e-01
   3.8371708e-01   4.8385951e-01
   3.8413422e-01   4.8431760e-01
   3.8486092e-01   4.8511526e-01
   3.8538682e-01   4.8569220e-01
   3.8576729e-01   4.8610946e-01
   3.8643008e-01   4.8683600e-01
   3.8690968e-01   4.8736148e-01
   3.8725664e-01   4.8774151e-01
   3.8786102e-01   4.8840322e-01
   3.8829832e-01   4.8888180e-01
   3.8906016e-01   4.8971515e-01
   3.8961150e-01   4.9031791e-01
   3.9001040e-01   4.9075384e-01
   3.9070529e-01   4.9151290e-01
   3.9120814e-01   4.9206192e-01
   3.9157193e-01   4.9245896e-01
   3.9220564e-01   4.9315031e-01
   3.9266417e-01   4.9365033e-01
   3.9346302e-01   4.9452101e-01
   3.9404117e-01   4.9515078e-01
   3.9445947e-01   4.9560625e-01
   3.9518819e-01   4.9639935e-01
   3.9571554e-01   4.9697298e-01
   3.9609706e-01   4.9738784e-01
   3.9676166e-01   4.9811020e-01
   3.9724257e-01   4.9863265e-01
   3.9759047e-01   4.9901048e-01
   3.9819649e-01   4.9966837e-01
   3.9863496e-01   5.0014418e-01
   3.9939885e-01   5.0097269e-01
   3.9995166e-01   5.0157195e-01
   4.0035161e-01   5.0200534e-01
   4.0104835e-01   5.0275998e-01
   4.0155252e-01   5.0330579e-01
   4.0191726e-01   5.0370051e-01
   4.0255262e-01   5.0438782e-01
   4.0301234e-01   5.0488490e-01
   4.0381326e-01   5.0575047e-01
   4.0439289e-01   5.0637654e-01
   4.0481226e-01   5.0682932e-01
   4.0554284e-01   5.0761774e-01
   4.0607152e-01   5.0818798e-01
   4.0645400e-01   5.0860038e-01
   4.0712028e-01   5.0931846e-01
   4.0760238e-01   5.0983781e-01
   4.0795115e-01   5.1021340e-01
   4.0855867e-01   5.1086738e-01
   4.0899823e-01   5.1134035e-01
   4.0976399e-01   5.1216392e-01
   4.1031815e-01   5.1275960e-01
   4.1071908e-01   5.1319040e-01
   4.1141750e-01   5.1394052e-01
   4.1192289e-01   5.1448306e-01
   4.1228851e-01   5.1487541e-01
   4.1292539e-01   5.1555858e-01
   4.1338620e-01   5.1605268e-01
   4.1371956e-01   5.1640999e-01
   4.1430021e-01   5.1703215e-01
   4.1472032e-01   5.1748210e-01
   4.1545217e-01   5.1826558e-01
   4.1598176e-01   5.1883225e-01
   4.1636490e-01   5.1924206e-01
   4.1703232e-01   5.1995564e-01
   4.1751525e-01   5.2047173e-01
   4.1786460e-01   5.2084495e-01
   4.1847314e-01   5.2149481e-01
   4.1891344e-01   5.2196480e-01
   4.1968048e-01   5.2278318e-01
   4.2023555e-01   5.2337509e-01
   4.2063714e-01   5.2380317e-01
   4.2133670e-01   5.2454855e-01
   4.2184291e-01   5.2508764e-01
   4.2220911e-01   5.2547750e-01
   4.2284701e-01   5.2615635e-01
   4.2330856e-01   5.2664731e-01
   4.2364244e-01   5.2700235e-01
   4.2422402e-01   5.2762055e-01
   4.2464478e-01   5.2806764e-01
   4.2537778e-01   5.2884613e-01
   4.2590819e-01   5.2940919e-01
   4.2629192e-01   5.2981638e-01
   4.2696035e-01   5.3052540e-01
   4.2744402e-01   5.3103819e-01
   4.2779390e-01   5.3140902e-01
   4.2840336e-01   5.3205473e-01
   4.2884431e-01   5.3252171e-01
   4.2961249e-01   5.3333484e-01
   4.3016838e-01   5.3392296e-01
   4.3057055e-01   5.3434828e-01
   4.3127114e-01   5.3508888e-01
   4.3177807e-01   5.3562451e-01
   4.3214480e-01   5.3601186e-01
   4.3278362e-01   5.3668633e-01
   4.3324582e-01   5.3717413e-01
   4.3358018e-01   5.3752688e-01
   4.3416257e-01   5.3814109e-01
   4.3458392e-01   5.3858530e-01
   4.3531793e-01   5.3935876e-01
   4.3584908e-01   5.3991818e-01
   4.3623333e-01   5.4032274e-01
   4.3690268e-01   5.4102717e-01
   4.3738699e-01   5.4153664e-01
   4.3773734e-01   5.4190507e-01
   4.3834762e-01   5.4254659e-01
   4.3878915e-01   5.4301054e-01
   4.3955835e-01   5.4381840e-01
   4.4011497e-01   5.4440270e-01
   4.4051766e-01   5.4482526e-01
   4.4121915e-01   5.4556103e-01
   4.4172674e-01   5.4609318e-01
   4.4209393e-01   5.4647801e-01
   4.4273356e-01   5.4714809e-01
   4.4319635e-01   5.4763271e-01
   4.4353111e-01   5.4798315e-01
   4.4411423e-01   5.4859337e-01
   4.4453610e-01   5.4903467e-01
   4.4527102e-01   5.4980309e-01
   4.4580281e-01   5.5035885e-01
   4.4618752e-01   5.5076076e-01
   4.4685768e-01   5.5146059e-01
   4.4734257e-01   5.5196673e-01
   4.4769334e-01   5.5233274e-01
   4.4830433e-01   5.5297006e-01
   4.4874638e-01   5.5343097e-01
   4.4951648e-01   5.5423354e-01
   4.5007374e-01   5.5481401e-01
   4.5047689e-01   5.5523379e-01
   4.5117918e-01   5.5596474e-01
   4.5168734e-01   5.5649339e-01
   4.5205495e-01   5.5687569e-01
   4.5269528e-01   5.5754137e-01
   4.5315858e-01   5.5802280e-01
   4.5349372e-01   5.5837094e-01
   4.5407747e-01   5.5897714e-01
   4.5449980e-01   5.5941554e-01
   4.5523551e-01   5.6017890e-01
   4.5576786e-01   5.6073100e-01
   4.5615299e-01   5.6113026e-01
   4.5682385e-01   5.6182548e-01
   4.5730924e-01   5.6232827e-01
   4.5766037e-01   5.6269188e-01
   4.5827200e-01   5.6332499e-01
   4.5871450e-01   5.6378286e-01
   4.5948538e-01   5.6458013e-01
   4.6004320e-01   5.6515676e-01
   4.6044675e-01   5.6557377e-01
   4.6114974e-01   5.6629989e-01
   4.6165839e-01   5.6682504e-01
   4.6202636e-01   5.6720481e-01
   4.6266732e-01   5.6786609e-01
   4.6313106e-01   5.6834433e-01
   4.6346651e-01   5.6869017e-01
   4.6405082e-01   5.6929235e-01
   4.6447354e-01   5.6972784e-01
   4.6520994e-01   5.7048615e-01
   4.6574279e-01   5.7103459e-01
   4.6612826e-01   5.7143121e-01
   4.6679973e-01   5.7212181e-01
   4.6728557e-01   5.7262127e-01
   4.6763701e-01   5.7298246e-01
   4.6824918e-01   5.7361137e-01
   4.6869207e-01   5.7406620e-01
   4.6946362e-01   5.7485818e-01
   4.7002192e-01   5.7543098e-01
   4.7042582e-01   5.7584522e-01
   4.7112941e-01   5.7656652e-01
   4.7163849e-01   5.7708818e-01
   4.7200676e-01   5.7746543e-01
   4.7264825e-01   5.7812231e-01
   4.7311237e-01   5.7859737e-01
   4.7344810e-01   5.7894090e-01
   4.7403287e-01   5.7953908e-01
   4.7445594e-01   5.7997168e-01
   4.7519292e-01   5.8072494e-01
   4.7572619e-01   5.8126973e-01
   4.7611196e-01   5.8166370e-01
   4.7678395e-01   5.8234971e-01
   4.7727016e-01   5.8284584e-01
   4.7762187e-01   5.8320462e-01
   4.7823449e-01   5.8382935e-01
   4.7867772e-01   5.8428114e-01
   4.7944983e-01   5.8506784e-01
   4.8000855e-01   5.8563683e-01
   4.8041274e-01   5.8604831e-01
   4.8111682e-01   5.8676479e-01
   4.8162627e-01   5.8728298e-01
   4.8199479e-01   5.8765771e-01
   4.8263673e-01   5.8831020e-01
   4.8310117e-01   5.8878209e-01
   4.8343712e-01   5.8912334e-01
   4.8402230e-01   5.8971752e-01
   4.8444564e-01   5.9014723e-01
   4.8518311e-01   5.9089546e-01
   4.8571673e-01   5.9143661e-01
   4.8610275e-01   5.9182796e-01
   4.8677517e-01   5.9250939e-01
   4.8726168e-01   5.9300221e-01
   4.8761361e-01   5.9335859e-01
   4.8822662e-01   5.9397914e-01
   4.8867012e-01   5.9442792e-01
   4.8944270e-01   5.9520937e-01
   4.9000175e-01   5.9577455e-01
   4.9040618e-01   5.9618327e-01
   4.9111068e-01   5.9689497e-01
   4.9162041e-01   5.9740969e-01
   4.9198915e-01   5.9778192e-01
   4.9263145e-01   5.9843005e-01
   4.9309614e-01   5.9889879e-01
   4.9343228e-01   5.9923775e-01
   4.9401778e-01   5.9982796e-01
   4.9444135e-01   6.0025480e-01
   4.9517922e-01   6.0099803e-01
   4.9571311e-01   6.0153556e-01
   4.9609933e-01   6.0192429e-01
   4.9677210e-01   6.0260116e-01
   4.9725886e-01   6.0309068e-01
   4.9761096e-01   6.0344468e-01
   4.9822427e-01   6.0406108e-01
   4.9866798e-01   6.0450686e-01
   4.9944094e-01   6.0528308e-01
   5.0000025e-01   6.0584448e-01
   5.0040487e-01   6.0625047e-01
   5.0110969e-01   6.0695741e-01
   5.0161966e-01   6.0746868e-01
   5.0198856e-01   6.0783842e-01
   5.0263114e-01   6.0848222e-01
   5.0309604e-01   6.0894781e-01
   5.0343232e-01   6.0928451e-01
   5.0401806e-01   6.0987077e-01
   5.0444181e-01   6.1029475e-01
   5.0517997e-01   6.1103301e-01
   5.0571408e-01   6.1156694e-01
   5.0610046e-01   6.1195307e-01
   5.0677349e-01   6.1262541e-01
   5.0726043e-01   6.1311166e-01
   5.0761266e-01   6.1346329e-01
   5.0822620e-01   6.1407556e-01
   5.0867007e-01   6.1451835e-01
   5.0944331e-01   6.1528938e-01
   5.1000281e-01   6.1584703e-01
   5.1040757e-01   6.1625030e-01
   5.1111263e-01   6.1695251e-01
   5.1162276e-01   6.1746036e-01
   5.1199178e-01   6.1782762e-01
   5.1263456e-01   6.1846711e-01
   5.1309961e-01   6.1892960e-01
   5.1343599e-01   6.1926404e-01
   5.1402191e-01   6.1984638e-01
   5.1444578e-01   6.2026752e-01
   5.1518416e-01   6.2100084e-01
   5.1571841e-01   6.2153120e-01
   5.1610489e-01   6.2191474e-01
   5.1677810e-01   6.2258259e-01
   5.1726517e-01   6.2306558e-01
   5.1761750e-01   6.2341486e-01
   5.1823119e-01   6.2402304e-01
   5.1867517e-01   6.2446287e-01
   5.1944859e-01   6.2522874e-01
   5.2000822e-01   6.2578265e-01
   5.2041306e-01   6.2618323e-01
   5.2111827e-01   6.2688074e-01
   5.2162851e-01   6.2738520e-01
   5.2199761e-01   6.2775000e-01
   5.2264052e-01   6.2838522e-01
   5.2310565e-01   6.2884461e-01
   5.2344210e-01   6.2917681e-01
   5.2402812e-01   6.2975526e-01
   5.2445206e-01   6.3017359e-01
   5.2519057e-01   6.3090200e-01
   5.2572491e-01   6.3142882e-01
   5.2611145e-01   6.3180980e-01
   5.2678476e-01   6.3247318e-01
   5.2727190e-01   6.3295295e-01
   5.2762427e-01   6.3329989e-01
   5.2823804e-01   6.3390401e-01
   5.2868207e-01   6.3434090e-01
   5.2945559e-01   6.3510165e-01
   5.3001528e-01   6.3565187e-01
   5.3042016e-01   6.3604977e-01
   5.3112545e-01   6.3674262e-01
   5.3163573e-01   6.3724371e-01
   5.3200486e-01   6.3760608e-01
   5.3264782e-01   6.3823705e-01
   5.3311298e-01   6.3869338e-01
   5.3344945e-01   6.3902336e-01
   5.3403551e-01   6.3959795e-01
   5.3445948e-01   6.4001348e-01
   5.3519802e-01   6.4073704e-01
   5.3573239e-01   6.4126034e-01
   5.3611894e-01   6.4163877e-01
   5.3679227e-01   6.4229773e-01
   5.3727942e-01   6.4277429e-01
   5.3763180e-01   6.4311892e-01
   5.3824558e-01   6.4371901e-01
   5.3868962e-01   6.4415298e-01
   5.3946313e-01   6.4490867e-01
   5.4002282e-01   6.4545521e-01
   5.4042770e-01   6.4585046e-01
   5.4113297e-01   6.4653870e-01
   5.4164325e-01   6.4703644e-01
   5.4201236e-01   6.4739639e-01
   5.4265530e-01   6.4802316e-01
   5.4312044e-01   6.4847644e-01
   5.4345690e-01   6.4880423e-01
   5.4404293e-01   6.4937499e-01
   5.4446687e-01   6.4978775e-01
   5.4520537e-01   6.5050649e-01
   5.4573969e-01   6.5102630e-01
   5.4612622e-01   6.5140222e-01
   5.4679949e-01   6.5205679e-01
   5.4728660e-01   6.5253018e-01
   5.4763895e-01   6.5287251e-01
   5.4825267e-01   6.5346860e-01
   5.4869666e-01   6.5389969e-01
   5.4947008e-01   6.5465034e-01
   5.5002970e-01   6.5519325e-01
   5.5043453e-01   6.5558587e-01
   5.5113971e-01   6.5626953e-01
   5.5164991e-01   6.5676396e-01
   5.5201897e-01   6.5712152e-01
   5.5266182e-01   6.5774412e-01
   5.5312689e-01   6.5819439e-01
   5.5346329e-01   6.5851999e-01
   5.5404922e-01   6.5908695e-01
   5.5447309e-01   6.5949697e-01
   5.5521146e-01   6.6021093e-01
   5.5574569e-01   6.6072730e-01
   5.5613214e-01   6.6110071e-01
   5.5680528e-01   6.6175093e-01
   5.5729229e-01   6.6222118e-01
   5.5764456e-01   6.6256124e-01
   5.5825815e-01   6.6315337e-01
   5.5870204e-01   6.6358159e-01
   5.5947530e-01   6.6432726e-01
   5.6003479e-01   6.6486657e-01
   5.6043952e-01   6.6525658e-01
   5.6114453e-01   6.6593570e-01
   5.6165460e-01   6.6642686e-01
   5.6202357e-01   6.6678204e-01
   5.6266624e-01   6.6740051e-01
   5.6313119e-01   6.6784779e-01
   5.6394114e-01   6.6862665e-01
   5.6452720e-01   6.6918996e-01
   5.6495116e-01   6.6959734e-01
   5.6568968e-01   6.7030671e-01
   5.6622402e-01   6.7081975e-01
   5.6661054e-01   6.7119077e-01
   5.6728382e-01   6.7183681e-01
   5.6777091e-01   6.7230403e-01
   5.6812325e-01   6.7264190e-01
   5.6873695e-01   6.7323023e-01
   5.6918091e-01   6.7365571e-01
   5.6995429e-01   6.7439659e-01
   5.7051387e-01   6.7493243e-01
   5.7091866e-01   6.7531994e-01
   5.7162377e-01   6.7599470e-01
   5.7213391e-01   6.7648270e-01
   5.7250292e-01   6.7683561e-01
   5.7314568e-01   6.7745011e-01
   5.7361068e-01   6.7789452e-01
   5.7442072e-01   6.7866838e-01
   5.7500685e-01   6.7922808e-01
   5.7543085e-01   6.7963285e-01
   5.7616944e-01   6.8033768e-01
   5.7670382e-01   6.8084743e-01
   5.7709038e-01   6.8121607e-01
   5.7776370e-01   6.8185797e-01
   5.7825083e-01   6.8232220e-01
   5.7860319e-01   6.8265791e-01
   5.7921692e-01   6.8324247e-01
   5.7966091e-01   6.8366522e-01
   5.8043433e-01   6.8440137e-01
   5.8099393e-01   6.8493378e-01
   5.8139873e-01   6.8531880e-01
   5.8210386e-01   6.8598925e-01
   5.8261401e-01   6.8647414e-01
   5.8298303e-01   6.8682478e-01
   5.8362579e-01   6.8743536e-01
   5.8409080e-01   6.8787693e-01
   5.8490084e-01   6.8864585e-01
   5.8548695e-01   6.8920197e-01
   5.8591095e-01   6.8960416e-01
   5.8664952e-01   6.9030448e-01
   5.8718389e-01   6.9081098e-01
   5.8757043e-01   6.9117727e-01
   5.8824373e-01   6.9181507e-01
   5.8873083e-01   6.9227634e-01
   5.8908317e-01   6.9260991e-01
   5.8969687e-01   6.9319074e-01
   5.9014084e-01   6.9361080e-01
   5.9091420e-01   6.9434224e-01
   5.9147376e-01   6.9487126e-01
   5.9187853e-01   6.9525384e-01
   5.9258360e-01   6.9592001e-01
   5.9309370e-01   6.9640181e-01
   5.9346268e-01   6.9675022e-01
   5.9410538e-01   6.9735691e-01
   5.9457033e-01   6.9779567e-01
   5.9538028e-01   6.9855969e-01
   5.9596632e-01   6.9911228e-01
   5.9639027e-01   6.9951190e-01
   5.9712874e-01   7.0020778e-01
   5.9766303e-01   7.0071105e-01
   5.9804951e-01   7.0107501e-01
   5.9872271e-01   7.0170876e-01
   5.9920974e-01   7.0216710e-01
   5.9956202e-01   7.0249854e-01
   6.0017561e-01   7.0307569e-01
   6.0061950e-01   7.0349307e-01
   6.0139272e-01   7.0421988e-01
   6.0195217e-01   7.0474554e-01
   6.0235687e-01   7.0512568e-01
   6.0306179e-01   7.0578763e-01
   6.0357179e-01   7.0626637e-01
   6.0394070e-01   7.0661257e-01
   6.0458326e-01   7.0721541e-01
   6.0504811e-01   7.0765138e-01
   6.0585787e-01   7.0841056e-01
   6.0644377e-01   7.0895965e-01
   6.0686761e-01   7.0935674e-01
   6.0760590e-01   7.1004820e-01
   6.0814006e-01   7.1054829e-01
   6.0852644e-01   7.1090994e-01
   6.0919946e-01   7.1153968e-01
   6.0968635e-01   7.1199512e-01
   6.1003854e-01   7.1232447e-01
   6.1065196e-01   7.1289795e-01
   6.1109572e-01   7.1331270e-01
   6.1186872e-01   7.1403491e-01
   6.1242800e-01   7.1455724e-01
   6.1283257e-01   7.1493498e-01
   6.1353728e-01   7.1559274e-01
   6.1404711e-01   7.1606845e-01
   6.1441590e-01   7.1641247e-01
   6.1505825e-01   7.1701150e-01
   6.1552294e-01   7.1744472e-01
   6.1633243e-01   7.1819911e-01
   6.1691813e-01   7.1874473e-01
   6.1734182e-01   7.1913931e-01
   6.1807984e-01   7.1982641e-01
   6.1861380e-01   7.2032334e-01
   6.1900004e-01   7.2068271e-01
   6.1967281e-01   7.2130847e-01
   6.2015952e-01   7.2176104e-01
   6.2100737e-01   7.2254911e-01
   6.2162086e-01   7.2311911e-01
   6.2206465e-01   7.2353133e-01
   6.2283772e-01   7.2424914e-01
   6.2339705e-01   7.2476829e-01
   6.2380165e-01   7.2514373e-01
   6.2450641e-01   7.2579750e-01
   6.2501628e-01   7.2627031e-01
   6.2538508e-01   7.2661224e-01
   6.2602746e-01   7.2720762e-01
   6.2649218e-01   7.2763821e-01
   6.2730170e-01   7.2838801e-01
   6.2788742e-01   7.2893032e-01
   6.2831112e-01   7.2932250e-01
   6.2904916e-01   7.3000543e-01
   6.2958313e-01   7.3049935e-01
   6.2996937e-01   7.3085653e-01
   6.3064214e-01   7.3147850e-01
   6.3112885e-01   7.3192832e-01
   6.3197670e-01   7.3271162e-01
   6.3259017e-01   7.3327816e-01
   6.3303396e-01   7.3368788e-01
   6.3380701e-01   7.3440134e-01
   6.3436632e-01   7.3491735e-01
   6.3477090e-01   7.3529051e-01
   6.3547562e-01   7.3594032e-01
   6.3598547e-01   7.3641027e-01
   6.3635425e-01   7.3675012e-01
   6.3699659e-01   7.3734191e-01
   6.3746128e-01   7.3776989e-01
   6.3827074e-01   7.3851516e-01
   6.3885641e-01   7.3905418e-01
   6.3928007e-01   7.3944400e-01
   6.4001805e-01   7.4012280e-01
   6.4055196e-01   7.4061373e-01
   6.4093816e-01   7.4096876e-01
   6.4161086e-01   7.4158697e-01
   6.4209751e-01   7.4203407e-01
   6.4294525e-01   7.4281264e-01
   6.4355865e-01   7.4337576e-01
   6.4400238e-01   7.4378301e-01
   6.4477531e-01   7.4449217e-01
   6.4533454e-01   7.4500507e-01
   6.4573906e-01   7.4537598e-01
   6.4644367e-01   7.4602187e-01
   6.4695343e-01   7.4648899e-01
   6.4732215e-01   7.4682679e-01
   6.4796438e-01   7.4741501e-01
   6.4842897e-01   7.4784042e-01
   6.4923828e-01   7.4858120e-01
   6.4982384e-01   7.4911698e-01
   6.5024742e-01   7.4950445e-01
   6.5098524e-01   7.5017917e-01
   6.5151904e-01   7.5066715e-01
   6.5190515e-01   7.5102004e-01
   6.5257770e-01   7.5163453e-01
   6.5306424e-01   7.5207895e-01
   6.5391178e-01   7.5285284e-01
   6.5452503e-01   7.5341258e-01
   6.5496864e-01   7.5381738e-01
   6.5574138e-01   7.5452228e-01
   6.5630046e-01   7.5503210e-01
   6.5670487e-01   7.5540079e-01
   6.5740929e-01   7.5604280e-01
   6.5791890e-01   7.5650712e-01
   6.5828752e-01   7.5684289e-01
   6.5892956e-01   7.5742758e-01
   6.5939402e-01   7.5785044e-01
   6.6020308e-01   7.5858678e-01
   6.6078846e-01   7.5911935e-01
   6.6121191e-01   7.5950450e-01
   6.6194949e-01   7.6017517e-01
   6.6248311e-01   7.6066023e-01
   6.6286910e-01   7.6101101e-01
   6.6354142e-01   7.6162182e-01
   6.6402779e-01   7.6206358e-01
   6.6487504e-01   7.6283284e-01
   6.6548806e-01   7.6338923e-01
   6.6593152e-01   7.6379161e-01
   6.6670397e-01   7.6449229e-01
   6.6726284e-01   7.6499907e-01
   6.6766709e-01   7.6536555e-01
   6.6837124e-01   7.6600373e-01
   6.6888065e-01   7.6646527e-01
   6.6976806e-01   7.6726901e-01
   6.7041016e-01   7.6785034e-01
   6.7087466e-01   7.6827077e-01
   6.7168378e-01   7.6900288e-01
   6.7226920e-01   7.6953240e-01
   6.7269267e-01   7.6991533e-01
   6.7343030e-01   7.7058216e-01
   6.7396395e-01   7.7106444e-01
   6.7434995e-01   7.7141321e-01
   6.7502230e-01   7.7202052e-01
   6.7550869e-01   7.7245975e-01
   6.7635596e-01   7.7322460e-01
   6.7696900e-01   7.7377781e-01
   6.7741246e-01   7.7417788e-01
   6.7818492e-01   7.7487456e-01
   6.7874379e-01   7.7537843e-01
   6.7914804e-01   7.7574282e-01
   6.7985218e-01   7.7637734e-01
   6.8036159e-01   7.7683625e-01
   6.8124898e-01   7.7763539e-01
   6.8189106e-01   7.7821341e-01
   6.8235554e-01   7.7863143e-01
   6.8316463e-01   7.7935937e-01
   6.8375002e-01   7.7988586e-01
   6.8417347e-01   7.8026661e-01
   6.8491105e-01   7.8092963e-01
   6.8544467e-01   7.8140916e-01
   6.8583065e-01   7.8175593e-01
   6.8650294e-01   7.8235979e-01
   6.8698929e-01   7.8279651e-01
   6.8783649e-01   7.8355700e-01
   6.8844947e-01   7.8410706e-01
   6.8889288e-01   7.8450485e-01
   6.8966526e-01   7.8519756e-01
   6.9022406e-01   7.8569856e-01
   6.9062827e-01   7.8606088e-01
   6.9133232e-01   7.8669179e-01
   6.9184166e-01   7.8714809e-01
   6.9272893e-01   7.8794269e-01
   6.9337092e-01   7.8851741e-01
   6.9383533e-01   7.8893306e-01
   6.9464429e-01   7.8965686e-01
   6.9522958e-01   7.9018036e-01
   6.9565296e-01   7.9055895e-01
   6.9639041e-01   7.9121821e-01
   6.9692393e-01   7.9169501e-01
   6.9730984e-01   7.9203982e-01
   6.9798200e-01   7.9264024e-01
   6.9846825e-01   7.9307448e-01
   6.9931528e-01   7.9383067e-01
   6.9992813e-01   7.9437760e-01
   7.0037145e-01   7.9477314e-01
   7.0114366e-01   7.9546193e-01
   7.0170233e-01   7.9596009e-01
   7.0210644e-01   7.9632035e-01
   7.0281033e-01   7.9694769e-01
   7.0331954e-01   7.9740140e-01
   7.0420658e-01   7.9819150e-01
   7.0484840e-01   7.9876298e-01
   7.0531269e-01   7.9917627e-01
   7.0612143e-01   7.9989598e-01
   7.0670656e-01   8.0041652e-01
   7.0712982e-01   8.0079296e-01
   7.0786705e-01   8.0144850e-01
   7.0840041e-01   8.0192260e-01
   7.0878620e-01   8.0226546e-01
   7.0945816e-01   8.0286250e-01
   7.0994426e-01   8.0329428e-01
   7.1079102e-01   8.0404620e-01
   7.1140366e-01   8.0459004e-01
   7.1184684e-01   8.0498335e-01
   7.1261878e-01   8.0566825e-01
   7.1317726e-01   8.0616360e-01
   7.1358123e-01   8.0652183e-01
   7.1428487e-01   8.0714563e-01
   7.1479390e-01   8.0759679e-01
   7.1568061e-01   8.0838243e-01
   7.1632219e-01   8.0895069e-01
   7.1678630e-01   8.0936165e-01
   7.1759473e-01   8.1007730e-01
   7.1817963e-01   8.1059491e-01
   7.1860271e-01   8.1096924e-01
   7.1933965e-01   8.1162108e-01
   7.1987279e-01   8.1209252e-01
   7.2080152e-01   8.1291350e-01
   7.2147353e-01   8.1350732e-01
   7.2195966e-01   8.1393678e-01
   7.2280646e-01   8.1468466e-01
   7.2341914e-01   8.1522558e-01
   7.2386233e-01   8.1561677e-01
   7.2463431e-01   8.1629798e-01
   7.2519280e-01   8.1679068e-01
   7.2559678e-01   8.1714698e-01
   7.2630043e-01   8.1776743e-01
   7.2680947e-01   8.1821616e-01
   7.2769619e-01   8.1899760e-01
   7.2833777e-01   8.1956280e-01
   7.2880188e-01   8.1997156e-01
   7.2961030e-01   8.2068337e-01
   7.3019519e-01   8.2119821e-01
   7.3061826e-01   8.2157053e-01
   7.3135518e-01   8.2221887e-01
   7.3188830e-01   8.2268779e-01
   7.3281700e-01   8.2350437e-01
   7.3348896e-01   8.2409501e-01
   7.3397507e-01   8.2452218e-01
   7.3482182e-01   8.2526605e-01
   7.3543445e-01   8.2580407e-01
   7.3587761e-01   8.2619317e-01
   7.3664952e-01   8.2687075e-01
   7.3720797e-01   8.2736081e-01
   7.3761192e-01   8.2771520e-01
   7.3831550e-01   8.2833234e-01
   7.3882448e-01   8.2877867e-01
   7.3971110e-01   8.2955593e-01
   7.4035261e-01   8.3011812e-01
   7.4081666e-01   8.3052470e-01
   7.4162497e-01   8.3123271e-01
   7.4220978e-01   8.3174480e-01
   7.4263279e-01   8.3211513e-01
   7.4336961e-01   8.3276002e-01
   7.4390264e-01   8.3322643e-01
   7.4483119e-01   8.3403866e-01
   7.4550304e-01   8.3462616e-01
   7.4598906e-01   8.3505104e-01
   7.4683566e-01   8.3579095e-01
   7.4744818e-01   8.3632611e-01
   7.4789125e-01   8.3671314e-01
   7.4866301e-01   8.3738711e-01
   7.4922135e-01   8.3787455e-01
   7.4962520e-01   8.3822707e-01
   7.5032863e-01   8.3884092e-01
   7.5083750e-01   8.3928488e-01
   7.5172393e-01   8.4005800e-01
   7.5236528e-01   8.4061720e-01
   7.5282922e-01   8.4102162e-01
   7.5363733e-01   8.4172587e-01
   7.5422199e-01   8.4223523e-01
   7.5464490e-01   8.4260360e-01
   7.5538151e-01   8.4324506e-01
   7.5591440e-01   8.4370900e-01
   7.5684269e-01   8.4451692e-01
   7.5751436e-01   8.4510129e-01
   7.5800023e-01   8.4552393e-01
   7.5884658e-01   8.4625991e-01
   7.5945891e-01   8.4679223e-01
   7.5990185e-01   8.4717721e-01
   7.6067336e-01   8.4784760e-01
   7.6123152e-01   8.4833246e-01
   7.6220383e-01   8.4917684e-01
   7.6290737e-01   8.4978760e-01
   7.6341632e-01   8.5022932e-01
   7.6430288e-01   8.5099856e-01
   7.6494432e-01   8.5155494e-01
   7.6540832e-01   8.5195732e-01
   7.6621655e-01   8.5265803e-01
   7.6680128e-01   8.5316483e-01
   7.6722423e-01   8.5353134e-01
   7.6796093e-01   8.5416958e-01
   7.6849388e-01   8.5463118e-01
   7.6942227e-01   8.5543504e-01
   7.7009399e-01   8.5601648e-01
   7.7057991e-01   8.5643699e-01
   7.7142633e-01   8.5716928e-01
   7.7203871e-01   8.5769893e-01
   7.7248167e-01   8.5808197e-01
   7.7325323e-01   8.5874900e-01
   7.7381142e-01   8.5923143e-01
   7.7478378e-01   8.6007158e-01
   7.7548735e-01   8.6067928e-01
   7.7599632e-01   8.6111878e-01
   7.7688290e-01   8.6188416e-01
   7.7752436e-01   8.6243775e-01
   7.7798837e-01   8.6283812e-01
   7.7879660e-01   8.6353532e-01
   7.7938133e-01   8.6403958e-01
   7.7980429e-01   8.6440426e-01
   7.8054098e-01   8.6503930e-01
   7.8107392e-01   8.6549859e-01
   7.8200229e-01   8.6629843e-01
   7.8267399e-01   8.6687697e-01
   7.8315990e-01   8.6729537e-01
   7.8400628e-01   8.6802400e-01
   7.8461863e-01   8.6855100e-01
   7.8506157e-01   8.6893213e-01
   7.8583309e-01   8.6959583e-01
   7.8639124e-01   8.7007585e-01
   7.8736353e-01   8.7091180e-01
   7.8806705e-01   8.7151646e-01
   7.8857597e-01   8.7195378e-01
   7.8946247e-01   8.7271533e-01
   7.9010387e-01   8.7326617e-01
   7.9056782e-01   8.7366453e-01
   7.9137597e-01   8.7435826e-01
   7.9196063e-01   8.7486001e-01
   7.9238353e-01   8.7522287e-01
   7.9312013e-01   8.7585475e-01
   7.9365301e-01   8.7631175e-01
   7.9458124e-01   8.7710760e-01
   7.9525285e-01   8.7768326e-01
   7.9573867e-01   8.7809958e-01
   7.9658492e-01   8.7882458e-01
   7.9719717e-01   8.7934896e-01
   7.9764003e-01   8.7972819e-01
   7.9841142e-01   8.8038858e-01
   7.9896946e-01   8.8086621e-01
   7.9994157e-01   8.8169801e-01
   8.0064495e-01   8.8229967e-01
   8.0115377e-01   8.8273480e-01
   8.0204008e-01   8.8349258e-01
   8.0268134e-01   8.8404067e-01
   8.0314519e-01   8.8443706e-01
   8.0395315e-01   8.8512734e-01
   8.0453768e-01   8.8562659e-01
   8.0555593e-01   8.8649605e-01
   8.0629272e-01   8.8712497e-01
   8.0682572e-01   8.8757983e-01
   8.0775418e-01   8.8837195e-01
   8.0842594e-01   8.8894491e-01
   8.0891188e-01   8.8935928e-01
   8.0975831e-01   8.9008088e-01
   8.1037069e-01   8.9060281e-01
   8.1081365e-01   8.9098026e-01
   8.1158519e-01   8.9163757e-01
   8.1214334e-01   8.9211297e-01
   8.1311564e-01   8.9294087e-01
   8.1381914e-01   8.9353971e-01
   8.1432805e-01   8.9397282e-01
   8.1521452e-01   8.9472705e-01
   8.1585587e-01   8.9527258e-01
   8.1631980e-01   8.9566711e-01
   8.1712788e-01   8.9635417e-01
   8.1771249e-01   8.9685109e-01
   8.1873088e-01   8.9771649e-01
   8.1946777e-01   8.9834247e-01
   8.2000083e-01   8.9879521e-01
   8.2092940e-01   8.9958364e-01
   8.2160124e-01   9.0015392e-01
   8.2208722e-01   9.0056636e-01
   8.2293374e-01   9.0128460e-01
   8.2354617e-01   9.0180409e-01
   8.2398917e-01   9.0217979e-01
   8.2476077e-01   9.0283403e-01
   8.2531897e-01   9.0330721e-01
   8.2629133e-01   9.0413126e-01
   8.2699487e-01   9.0472731e-01
   8.2750381e-01   9.0515840e-01
   8.2839032e-01   9.0590912e-01
   8.2903170e-01   9.0645211e-01
   8.2949564e-01   9.0684481e-01
   8.3030375e-01   9.0752867e-01
   8.3088837e-01   9.0802328e-01
   8.3190678e-01   9.0888466e-01
   8.3264367e-01   9.0950773e-01
   8.3317673e-01   9.0995836e-01
   8.3410529e-01   9.1074313e-01
   8.3477712e-01   9.1131076e-01
   8.3526310e-01   9.1172128e-01
   8.3610960e-01   9.1243618e-01
   8.3672201e-01   9.1295326e-01
   8.3716499e-01   9.1332721e-01
   8.3793656e-01   9.1397841e-01
   8.3849473e-01   9.1444940e-01
   8.3946704e-01   9.1526962e-01
   8.4017054e-01   9.1586291e-01
   8.4067944e-01   9.1629200e-01
   8.4156588e-01   9.1703924e-01
   8.4220721e-01   9.1757971e-01
   8.4267111e-01   9.1797059e-01
   8.4347914e-01   9.1865128e-01
   8.4406370e-01   9.1914360e-01
   8.4508201e-01   9.2000098e-01
   8.4581881e-01   9.2062116e-01
   8.4635181e-01   9.2106971e-01
   8.4728026e-01   9.2185084e-01
   8.4795199e-01   9.2241584e-01
   8.4843790e-01   9.2282446e-01
   8.4928428e-01   9.2353606e-01
   8.4989660e-01   9.2405074e-01
   8.5096327e-01   9.2494708e-01
   8.5173511e-01   9.2559546e-01
   8.5229346e-01   9.2606440e-01
   8.5326609e-01   9.2688107e-01
   8.5396981e-01   9.2747179e-01
   8.5447887e-01   9.2789902e-01
   8.5536559e-01   9.2864302e-01
   8.5600711e-01   9.2918116e-01
   8.5647115e-01   9.2957034e-01
   8.5727941e-01   9.3024808e-01
   8.5786414e-01   9.3073827e-01
   8.5888273e-01   9.3159194e-01
   8.5961973e-01   9.3220945e-01
   8.6015287e-01   9.3265605e-01
   8.6108155e-01   9.3343380e-01
   8.6175346e-01   9.3399636e-01
   8.6223948e-01   9.3440322e-01
   8.6308606e-01   9.3511174e-01
   8.6369852e-01   9.3562420e-01
   8.6476543e-01   9.3651667e-01
   8.6553743e-01   9.3716225e-01
   8.6609590e-01   9.3762917e-01
   8.6706873e-01   9.3844231e-01
   8.6777259e-01   9.3903048e-01
   8.6828174e-01   9.3945586e-01
   8.6916862e-01   9.4019665e-01
   8.6981025e-01   9.4073247e-01
   8.7027437e-01   9.4111997e-01
   8.7108277e-01   9.4179479e-01
   8.7166759e-01   9.4228286e-01
   8.7268633e-01   9.4313286e-01
   8.7342344e-01   9.4374770e-01
   8.7395665e-01   9.4419238e-01
   8.7488546e-01   9.4496678e-01
   8.7555744e-01   9.4552692e-01
   8.7604353e-01   9.4593202e-01
   8.7689020e-01   9.4663749e-01
   8.7750272e-01   9.4714774e-01
   8.7856975e-01   9.4803637e-01
   8.7934181e-01   9.4867917e-01
   8.7990033e-01   9.4914408e-01
   8.8087323e-01   9.4995372e-01
   8.8157714e-01   9.5053936e-01
   8.8208633e-01   9.5096291e-01
   8.8297326e-01   9.5170052e-01
   8.8361493e-01   9.5223403e-01
   8.8407907e-01   9.5261987e-01
   8.8488750e-01   9.5329178e-01
   8.8547234e-01   9.5377776e-01
   8.8649111e-01   9.5462410e-01
   8.8722823e-01   9.5523629e-01
   8.8776145e-01   9.5567906e-01
   8.8869026e-01   9.5645014e-01
   8.8936225e-01   9.5700787e-01
   8.8984833e-01   9.5741123e-01
   8.9069499e-01   9.5811367e-01
   8.9130751e-01   9.5862173e-01
   8.9237450e-01   9.5950654e-01
   8.9314655e-01   9.6014658e-01
   8.9370504e-01   9.6060949e-01
   8.9467790e-01   9.6141566e-01
   8.9538177e-01   9.6199879e-01
   8.9589093e-01   9.6242052e-01
   8.9677780e-01   9.6315497e-01
   8.9741943e-01   9.6368618e-01
   8.9853715e-01   9.6461134e-01
   8.9934593e-01   9.6528058e-01
   8.9993101e-01   9.6576462e-01
   9.0095020e-01   9.6660760e-01
   9.0168762e-01   9.6721736e-01
   9.0222105e-01   9.6765836e-01
   9.0315023e-01   9.6842637e-01
   9.0382248e-01   9.6898188e-01
   9.0430874e-01   9.6938364e-01
   9.0515572e-01   9.7008329e-01
   9.0576846e-01   9.7058933e-01
   9.0683584e-01   9.7147062e-01
   9.0760816e-01   9.7210812e-01
   9.0816685e-01   9.7256920e-01
   9.0914003e-01   9.7337216e-01
   9.0984414e-01   9.7395297e-01
   9.1035347e-01   9.7437303e-01
   9.1124062e-01   9.7510456e-01
   9.1188245e-01   9.7563367e-01
   9.1300051e-01   9.7655515e-01
   9.1380953e-01   9.7722174e-01
   9.1439479e-01   9.7770386e-01
   9.1541427e-01   9.7854349e-01
   9.1615189e-01   9.7915083e-01
   9.1668547e-01   9.7959008e-01
   9.1761489e-01   9.8035505e-01
   9.1828731e-01   9.8090836e-01
   9.1877370e-01   9.8130852e-01
   9.1962089e-01   9.8200539e-01
   9.2023378e-01   9.8250942e-01
   9.2130141e-01   9.8338723e-01
   9.2207390e-01   9.8402220e-01
   9.2263271e-01   9.8448145e-01
   9.2360611e-01   9.8528123e-01
   9.2431036e-01   9.8585974e-01
   9.2481979e-01   9.8627813e-01
   9.2570712e-01   9.8700676e-01
   9.2634906e-01   9.8753377e-01
   9.2746733e-01   9.8845161e-01
   9.2827649e-01   9.8911556e-01
   9.2886184e-01   9.8959577e-01
   9.2988148e-01   9.9043207e-01
   9.3061922e-01   9.9103701e-01
   9.3115288e-01   9.9147453e-01
   9.3208243e-01   9.9223646e-01
   9.3275494e-01   9.9278758e-01
   9.3324139e-01   9.9318616e-01
   9.3408868e-01   9.9388027e-01
   9.3470164e-01   9.9438231e-01
   9.3576939e-01   9.9525665e-01
   9.3654196e-01   9.9588910e-01
   9.3710082e-01   9.9634653e-01
   9.3807431e-01   9.9714316e-01
   9.3877862e-01   9.9771938e-01
   9.3928808e-01   9.9813612e-01
   9.4017547e-01   9.9886186e-01
   9.4081746e-01   9.9938679e-01
   9.4193579e-01   1.0003010e+00
   9.4274499e-01   1.0009623e+00
   9.4333036e-01   1.0014406e+00
   9.4435004e-01   1.0022736e+00
   9.4508780e-01   1.0028762e+00
   9.4562147e-01   1.0033120e+00
   9.4655104e-01   1.0040709e+00
   9.4722355e-01   1.0046198e+00
   9.4839510e-01   1.0055759e+00
   9.4924282e-01   1.0062675e+00
   9.4985609e-01   1.0067677e+00
   9.5092437e-01   1.0076388e+00
   9.5169731e-01   1.0082690e+00
   9.5225645e-01   1.0087248e+00
   9.5323039e-01   1.0095185e+00
   9.5393503e-01   1.0100926e+00
   9.5444473e-01   1.0105079e+00
   9.5533253e-01   1.0112310e+00
   9.5597480e-01   1.0117540e+00
   9.5709364e-01   1.0126649e+00
   9.5790318e-01   1.0133238e+00
   9.5848881e-01   1.0138004e+00
   9.5950892e-01   1.0146304e+00
   9.6024698e-01   1.0152308e+00
   9.6078087e-01   1.0156650e+00
   9.6171082e-01   1.0164212e+00
   9.6238360e-01   1.0169681e+00
   9.6355560e-01   1.0179207e+00
   9.6440365e-01   1.0186098e+00
   9.6501714e-01   1.0191082e+00
   9.6608582e-01   1.0199762e+00
   9.6685904e-01   1.0206041e+00
   9.6741837e-01   1.0210582e+00
   9.6839265e-01   1.0218491e+00
   9.6909753e-01   1.0224211e+00
   9.6960740e-01   1.0228348e+00
   9.7049550e-01   1.0235553e+00
   9.7113798e-01   1.0240765e+00
   9.7225716e-01   1.0249841e+00
   9.7306696e-01   1.0256406e+00
   9.7365276e-01   1.0261155e+00
   9.7467317e-01   1.0269424e+00
   9.7541145e-01   1.0275406e+00
   9.7594549e-01   1.0279733e+00
   9.7687569e-01   1.0287267e+00
   9.7754865e-01   1.0292717e+00
   9.7872096e-01   1.0302208e+00
   9.7956922e-01   1.0309074e+00
   9.8018287e-01   1.0314040e+00
   9.8125180e-01   1.0322689e+00
   9.8202520e-01   1.0328945e+00
   9.8258466e-01   1.0333470e+00
   9.8355916e-01   1.0341350e+00
   9.8426419e-01   1.0347050e+00
   9.8549239e-01   1.0356977e+00
   9.8638112e-01   1.0364158e+00
   9.8702406e-01   1.0369352e+00
   9.8814404e-01   1.0378399e+00
   9.8895441e-01   1.0384943e+00
   9.8954062e-01   1.0389676e+00
   9.9056174e-01   1.0397918e+00
   9.9130051e-01   1.0403881e+00
   9.9183491e-01   1.0408193e+00
   9.9276574e-01   1.0415703e+00
   9.9343914e-01   1.0421134e+00
   9.9461223e-01   1.0430595e+00
   9.9546104e-01   1.0437438e+00
   9.9607508e-01   1.0442388e+00
   9.9714469e-01   1.0451008e+00
   9.9791857e-01   1.0457244e+00
   9.9847838e-01   1.0461754e+00
   9.9945348e-01   1.0469608e+00
