   0.0000000e+00   0.0000000e+00
   4.0103356e-02   1.4046577e-02
   4.0206979e-02   1.4082912e-02
   4.0310870e-02   1.4119340e-02
   4.0415030e-02   1.4155864e-02
   4.0519458e-02   1.4192481e-02
   4.0624157e-02   1.4229194e-02
   4.0729126e-02   1.4266002e-02
   4.0834366e-02   1.4302906e-02
   4.0939878e-02   1.4339905e-02
   4.1045663e-02   1.4377000e-02
   4.1151721e-02   1.4414191e-02
   4.1258053e-02   1.4451478e-02
   4.1364660e-02   1.4488863e-02
   4.1471543e-02   1.4526344e-02
   4.1578701e-02   1.4563922e-02
   4.1686137e-02   1.4601598e-02
   4.1793850e-02   1.4639372e-02
   4.1901841e-02   1.4677243e-02
   4.2010112e-02   1.4715213e-02
   4.2118662e-02   1.4753281e-02
   4.2227493e-02   1.4791448e-02
   4.2336605e-02   1.4829714e-02
   4.2445999e-02   1.4868079e-02
   4.2555675e-02   1.4906543e-02
   4.2665635e-02   1.4945108e-02
   4.2775879e-02   1.4983772e-02
   4.2886408e-02   1.5022537e-02
   4.2997223e-02   1.5061402e-02
   4.3108324e-02   1.5100368e-02
   4.3219712e-02   1.5139435e-02
   4.3331388e-02   1.5178603e-02
   4.3443352e-02   1.5217873e-02
   4.3555606e-02   1.5257245e-02
   4.3668149e-02   1.5296719e-02
   4.3780984e-02   1.5336295e-02
   4.3894110e-02   1.5375974e-02
   4.4007529e-02   1.5415756e-02
   4.4121240e-02   1.5455642e-02
   4.4235245e-02   1.5495630e-02
   4.4349545e-02   1.5535722e-02
   4.4464141e-02   1.5575919e-02
   4.4579032e-02   1.5616219e-02
   4.4694220e-02   1.5656625e-02
   4.4809706e-02   1.5697135e-02
   4.4925491e-02   1.5737750e-02
   4.5041574e-02   1.5778470e-02
   4.5157958e-02   1.5819296e-02
   4.5274642e-02   1.5860228e-02
   4.5391628e-02   1.5901267e-02
   4.5508916e-02   1.5942412e-02
   4.5626507e-02   1.5983663e-02
   4.5744402e-02   1.6025022e-02
   4.5862601e-02   1.6066488e-02
   4.5981106e-02   1.6108061e-02
   4.6099917e-02   1.6149742e-02
   4.6219036e-02   1.6191532e-02
   4.6338462e-02   1.6233430e-02
   4.6458196e-02   1.6275437e-02
   4.6578240e-02   1.6317552e-02
   4.6698594e-02   1.6359778e-02
   4.6819260e-02   1.6402112e-02
   4.6940237e-02   1.6444557e-02
   4.7061526e-02   1.6487111e-02
   4.7183129e-02   1.6529777e-02
   4.7305046e-02   1.6572552e-02
   4.7427279e-02   1.6615439e-02
   4.7549827e-02   1.6658438e-02
   4.7672692e-02   1.6701547e-02
   4.7795874e-02   1.6744769e-02
   4.7919374e-02   1.6788103e-02
   4.8043194e-02   1.6831550e-02
   4.8167334e-02   1.6875109e-02
   4.8291794e-02   1.6918781e-02
   4.8416576e-02   1.6962567e-02
   4.8541681e-02   1.7006466e-02
   4.8667108e-02   1.7050480e-02
   4.8792860e-02   1.7094607e-02
   4.8918937e-02   1.7138849e-02
   4.9045340e-02   1.7183207e-02
   4.9172069e-02   1.7227679e-02
   4.9299125e-02   1.7272267e-02
   4.9426510e-02   1.7316970e-02
   4.9554225e-02   1.7361790e-02
   4.9682269e-02   1.7406726e-02
   4.9810644e-02   1.7451778e-02
   4.9939350e-02   1.7496948e-02
   5.0068390e-02   1.7542235e-02
   5.0197763e-02   1.7587640e-02
   5.0327470e-02   1.7633162e-02
   5.0457512e-02   1.7678803e-02
   5.0587890e-02   1.7724562e-02
   5.0718605e-02   1.7770440e-02
   5.0849658e-02   1.7816438e-02
   5.0981050e-02   1.7862555e-02
   5.1112781e-02   1.7908791e-02
   5.1244852e-02   1.7955148e-02
   5.1377265e-02   1.8001625e-02
   5.1510020e-02   1.8048223e-02
   5.1643118e-02   1.8094942e-02
   5.1776560e-02   1.8141782e-02
   5.1910346e-02   1.8188744e-02
   5.2044479e-02   1.8235828e-02
   5.2178958e-02   1.8283034e-02
   5.2313784e-02   1.8330363e-02
   5.2448959e-02   1.8377815e-02
   5.2584483e-02   1.8425391e-02
   5.2720358e-02   1.8473090e-02
   5.2856583e-02   1.8520912e-02
   5.2993161e-02   1.8568859e-02
   5.3130091e-02   1.8616931e-02
   5.3267375e-02   1.8665128e-02
   5.3405014e-02   1.8713450e-02
   5.3543009e-02   1.8761897e-02
   5.3681360e-02   1.8810470e-02
   5.3820069e-02   1.8859170e-02
   5.3959136e-02   1.8907996e-02
   5.4098563e-02   1.8956949e-02
   5.4238349e-02   1.9006030e-02
   5.4378498e-02   1.9055238e-02
   5.4519008e-02   1.9104574e-02
   5.4659881e-02   1.9154038e-02
   5.4801118e-02   1.9203630e-02
   5.4942720e-02   1.9253352e-02
   5.5084689e-02   1.9303203e-02
   5.5227024e-02   1.9353183e-02
   5.5369726e-02   1.9403294e-02
   5.5512798e-02   1.9453534e-02
   5.5656239e-02   1.9503906e-02
   5.5800051e-02   1.9554408e-02
   5.5944234e-02   1.9605042e-02
   5.6088791e-02   1.9655807e-02
   5.6233720e-02   1.9706704e-02
   5.6379024e-02   1.9757734e-02
   5.6524704e-02   1.9808896e-02
   5.6670760e-02   1.9860192e-02
   5.6817193e-02   1.9911621e-02
   5.6964005e-02   1.9963183e-02
   5.7111196e-02   2.0014880e-02
   5.7258768e-02   2.0066711e-02
   5.7406721e-02   2.0118677e-02
   5.7555056e-02   2.0170778e-02
   5.7703775e-02   2.0223015e-02
   5.7852877e-02   2.0275388e-02
   5.8002366e-02   2.0327897e-02
   5.8152240e-02   2.0380542e-02
   5.8302502e-02   2.0433324e-02
   5.8453152e-02   2.0486244e-02
   5.8604191e-02   2.0539302e-02
   5.8755620e-02   2.0592497e-02
   5.8907441e-02   2.0645831e-02
   5.9059654e-02   2.0699304e-02
   5.9212261e-02   2.0752916e-02
   5.9365262e-02   2.0806667e-02
   5.9518658e-02   2.0860558e-02
   5.9672450e-02   2.0914590e-02
   5.9826640e-02   2.0968762e-02
   5.9981229e-02   2.1023075e-02
   6.0136217e-02   2.1077530e-02
   6.0291605e-02   2.1132126e-02
   6.0447395e-02   2.1186864e-02
   6.0603587e-02   2.1241745e-02
   6.0760184e-02   2.1296769e-02
   6.0917184e-02   2.1351936e-02
   6.1074591e-02   2.1407246e-02
   6.1232404e-02   2.1462701e-02
   6.1390625e-02   2.1518300e-02
   6.1549255e-02   2.1574043e-02
   6.1708295e-02   2.1629932e-02
   6.1867745e-02   2.1685967e-02
   6.2027608e-02   2.1742147e-02
   6.2187884e-02   2.1798474e-02
   6.2348574e-02   2.1854947e-02
   6.2509679e-02   2.1911567e-02
   6.2671201e-02   2.1968335e-02
   6.2833140e-02   2.2025251e-02
   6.2995497e-02   2.2082315e-02
   6.3158274e-02   2.2139527e-02
   6.3321472e-02   2.2196889e-02
   6.3485091e-02   2.2254400e-02
   6.3649133e-02   2.2312061e-02
   6.3813599e-02   2.2369872e-02
   6.3978490e-02   2.2427833e-02
   6.4143807e-02   2.2485946e-02
   6.4309552e-02   2.2544210e-02
   6.4475724e-02   2.2602626e-02
   6.4642326e-02   2.2661194e-02
   6.4809359e-02   2.2719915e-02
   6.4976823e-02   2.2778789e-02
   6.5144720e-02   2.2837816e-02
   6.5313050e-02   2.2896997e-02
   6.5481816e-02   2.2956332e-02
   6.5651018e-02   2.3015822e-02
   6.5820657e-02   2.3075467e-02
   6.5990734e-02   2.3135268e-02
   6.6161251e-02   2.3195224e-02
   6.6332209e-02   2.3255337e-02
   6.6503608e-02   2.3315606e-02
   6.6675450e-02   2.3376033e-02
   6.6847737e-02   2.3436617e-02
   6.7020468e-02   2.3497359e-02
   6.7193646e-02   2.3558259e-02
   6.7367271e-02   2.3619318e-02
   6.7541345e-02   2.3680537e-02
   6.7715869e-02   2.3741915e-02
   6.7890844e-02   2.3803453e-02
   6.8066271e-02   2.3865152e-02
   6.8242151e-02   2.3927011e-02
   6.8418486e-02   2.3989032e-02
   6.8595277e-02   2.4051215e-02
   6.8772524e-02   2.4113560e-02
   6.8950229e-02   2.4176067e-02
   6.9128394e-02   2.4238738e-02
   6.9307019e-02   2.4301572e-02
   6.9486106e-02   2.4364570e-02
   6.9665655e-02   2.4427733e-02
   6.9845668e-02   2.4491060e-02
   7.0026147e-02   2.4554552e-02
   7.0207091e-02   2.4618211e-02
   7.0388504e-02   2.4682035e-02
   7.0570385e-02   2.4746026e-02
   7.0752736e-02   2.4810184e-02
   7.0935559e-02   2.4874509e-02
   7.1118854e-02   2.4939003e-02
   7.1302622e-02   2.5003664e-02
   7.1486866e-02   2.5068495e-02
   7.1671585e-02   2.5133494e-02
   7.1856782e-02   2.5198664e-02
   7.2042458e-02   2.5264003e-02
   7.2228613e-02   2.5329514e-02
   7.2415249e-02   2.5395195e-02
   7.2602368e-02   2.5461048e-02
   7.2789970e-02   2.5527072e-02
   7.2978057e-02   2.5593270e-02
   7.3166630e-02   2.5659640e-02
   7.3355690e-02   2.5726183e-02
   7.3545239e-02   2.5792900e-02
   7.3735278e-02   2.5859792e-02
   7.3925807e-02   2.5926858e-02
   7.4116829e-02   2.5994100e-02
   7.4308345e-02   2.6061517e-02
   7.4500356e-02   2.6129110e-02
   7.4692863e-02   2.6196880e-02
   7.4885867e-02   2.6264827e-02
   7.5079370e-02   2.6332952e-02
   7.5273373e-02   2.6401255e-02
   7.5467877e-02   2.6469736e-02
   7.5662884e-02   2.6538396e-02
   7.5858395e-02   2.6607236e-02
   7.6054412e-02   2.6676255e-02
   7.6250934e-02   2.6745455e-02
   7.6447965e-02   2.6814836e-02
   7.6645505e-02   2.6884399e-02
   7.6843555e-02   2.6954143e-02
   7.7042117e-02   2.7024069e-02
   7.7241192e-02   2.7094179e-02
   7.7440782e-02   2.7164472e-02
   7.7640887e-02   2.7234948e-02
   7.7841509e-02   2.7305609e-02
   7.8042650e-02   2.7376455e-02
   7.8244311e-02   2.7447486e-02
   7.8446493e-02   2.7518703e-02
   7.8649197e-02   2.7590106e-02
   7.8852425e-02   2.7661697e-02
   7.9056178e-02   2.7733474e-02
   7.9260458e-02   2.7805439e-02
   7.9465266e-02   2.7877593e-02
   7.9670603e-02   2.7949935e-02
   7.9876470e-02   2.8022467e-02
   8.0082870e-02   2.8095188e-02
   8.0289803e-02   2.8168100e-02
   8.0497270e-02   2.8241203e-02
   8.0705274e-02   2.8314497e-02
   8.0913816e-02   2.8387983e-02
   8.1122896e-02   2.8461661e-02
   8.1332516e-02   2.8535532e-02
   8.1542679e-02   2.8609597e-02
   8.1753384e-02   2.8683856e-02
   8.1964634e-02   2.8758309e-02
   8.2176430e-02   2.8832957e-02
   8.2388773e-02   2.8907801e-02
   8.2601665e-02   2.8982840e-02
   8.2815107e-02   2.9058077e-02
   8.3029100e-02   2.9133510e-02
   8.3243647e-02   2.9209141e-02
   8.3458748e-02   2.9284970e-02
   8.3674405e-02   2.9360998e-02
   8.3890619e-02   2.9437225e-02
   8.4107392e-02   2.9513652e-02
   8.4324725e-02   2.9590279e-02
   8.4542619e-02   2.9667107e-02
   8.4761077e-02   2.9744137e-02
   8.4980100e-02   2.9821368e-02
   8.5199688e-02   2.9898802e-02
   8.5419844e-02   2.9976439e-02
   8.5640568e-02   3.0054279e-02
   8.5861864e-02   3.0132324e-02
   8.6083731e-02   3.0210573e-02
   8.6306171e-02   3.0289027e-02
   8.6529186e-02   3.0367688e-02
   8.6752778e-02   3.0446554e-02
   8.6976947e-02   3.0525627e-02
   8.7201696e-02   3.0604908e-02
   8.7427025e-02   3.0684397e-02
   8.7652937e-02   3.0764095e-02
   8.7879432e-02   3.0844001e-02
   8.8106513e-02   3.0924117e-02
   8.8334181e-02   3.1004444e-02
   8.8562437e-02   3.1084981e-02
   8.8791283e-02   3.1165730e-02
   8.9020720e-02   3.1246691e-02
   8.9250750e-02   3.1327864e-02
   8.9481375e-02   3.1409250e-02
   8.9712595e-02   3.1490851e-02
   8.9944414e-02   3.1572665e-02
   9.0176831e-02   3.1654694e-02
   9.0409849e-02   3.1736939e-02
   9.0643469e-02   3.1819400e-02
   9.0877693e-02   3.1902077e-02
   9.1112522e-02   3.1984971e-02
   9.1347957e-02   3.2068084e-02
   9.1584002e-02   3.2151414e-02
   9.1820656e-02   3.2234964e-02
   9.2057922e-02   3.2318733e-02
   9.2295801e-02   3.2402722e-02
   9.2534295e-02   3.2486932e-02
   9.2773405e-02   3.2571364e-02
   9.3013133e-02   3.2656017e-02
   9.3253481e-02   3.2740893e-02
   9.3494449e-02   3.2825992e-02
   9.3736041e-02   3.2911315e-02
   9.3978257e-02   3.2996863e-02
   9.4221098e-02   3.3082635e-02
   9.4464568e-02   3.3168633e-02
   9.4708666e-02   3.3254857e-02
   9.4953395e-02   3.3341308e-02
   9.5198757e-02   3.3427986e-02
   9.5444753e-02   3.3514892e-02
   9.5691384e-02   3.3602027e-02
   9.5938653e-02   3.3689392e-02
   9.6186561e-02   3.3776986e-02
   9.6435110e-02   3.3864811e-02
   9.6684301e-02   3.3952867e-02
   9.6934135e-02   3.4041155e-02
   9.7184616e-02   3.4129675e-02
   9.7435744e-02   3.4218429e-02
   9.7687520e-02   3.4307416e-02
   9.7939948e-02   3.4396638e-02
   9.8193028e-02   3.4486094e-02
   9.8446762e-02   3.4575786e-02
   9.8701151e-02   3.4665715e-02
   9.8956198e-02   3.4755880e-02
   9.9211904e-02   3.4846283e-02
   9.9468271e-02   3.4936924e-02
   9.9725300e-02   3.5027804e-02
   9.9982994e-02   3.5118924e-02
   1.0024135e-01   3.5210284e-02
   1.0050038e-01   3.5301884e-02
   1.0076008e-01   3.5393726e-02
   1.0102045e-01   3.5485811e-02
   1.0128149e-01   3.5578138e-02
   1.0154320e-01   3.5670708e-02
   1.0180559e-01   3.5763523e-02
   1.0206866e-01   3.5856583e-02
   1.0233241e-01   3.5949888e-02
   1.0259684e-01   3.6043439e-02
   1.0286196e-01   3.6137237e-02
   1.0312776e-01   3.6231283e-02
   1.0339424e-01   3.6325577e-02
   1.0366142e-01   3.6420120e-02
   1.0392929e-01   3.6514912e-02
   1.0419784e-01   3.6609954e-02
   1.0446710e-01   3.6705248e-02
   1.0473704e-01   3.6800793e-02
   1.0500769e-01   3.6896591e-02
   1.0527903e-01   3.6992641e-02
   1.0555108e-01   3.7088945e-02
   1.0582383e-01   3.7185504e-02
   1.0609728e-01   3.7282318e-02
   1.0637144e-01   3.7379388e-02
   1.0664631e-01   3.7476714e-02
   1.0692189e-01   3.7574297e-02
   1.0719819e-01   3.7672138e-02
   1.0747519e-01   3.7770238e-02
   1.0775291e-01   3.7868598e-02
   1.0803135e-01   3.7967217e-02
   1.0831051e-01   3.8066097e-02
   1.0859039e-01   3.8165239e-02
   1.0887100e-01   3.8264643e-02
   1.0915233e-01   3.8364310e-02
   1.0943438e-01   3.8464241e-02
   1.0971717e-01   3.8564436e-02
   1.1000068e-01   3.8664896e-02
   1.1028493e-01   3.8765622e-02
   1.1056991e-01   3.8866615e-02
   1.1085563e-01   3.8967875e-02
   1.1114209e-01   3.9069403e-02
   1.1142929e-01   3.9171200e-02
   1.1171723e-01   3.9273267e-02
   1.1200592e-01   3.9375604e-02
   1.1229535e-01   3.9478212e-02
   1.1258552e-01   3.9581091e-02
   1.1287645e-01   3.9684244e-02
   1.1316813e-01   3.9787670e-02
   1.1346057e-01   3.9891370e-02
   1.1375376e-01   3.9995345e-02
   1.1404771e-01   4.0099595e-02
   1.1434241e-01   4.0204122e-02
   1.1463788e-01   4.0308926e-02
   1.1493412e-01   4.0414008e-02
   1.1523111e-01   4.0519369e-02
   1.1552888e-01   4.0625009e-02
   1.1582741e-01   4.0730929e-02
   1.1612672e-01   4.0837131e-02
   1.1642680e-01   4.0943614e-02
   1.1672766e-01   4.1050380e-02
   1.1702929e-01   4.1157429e-02
   1.1733170e-01   4.1264763e-02
   1.1763490e-01   4.1372381e-02
   1.1793888e-01   4.1480285e-02
   1.1824364e-01   4.1588476e-02
   1.1854919e-01   4.1696955e-02
   1.1885553e-01   4.1805721e-02
   1.1916267e-01   4.1914776e-02
   1.1947059e-01   4.2024122e-02
   1.1977931e-01   4.2133757e-02
   1.2008883e-01   4.2243685e-02
   1.2039915e-01   4.2353904e-02
   1.2071028e-01   4.2464417e-02
   1.2102220e-01   4.2575223e-02
   1.2133493e-01   4.2686324e-02
   1.2164847e-01   4.2797721e-02
   1.2196283e-01   4.2909414e-02
   1.2227799e-01   4.3021404e-02
   1.2259397e-01   4.3133692e-02
   1.2291076e-01   4.3246280e-02
   1.2322837e-01   4.3359166e-02
   1.2354681e-01   4.3472354e-02
   1.2386606e-01   4.3585842e-02
   1.2418615e-01   4.3699633e-02
   1.2450705e-01   4.3813727e-02
   1.2482879e-01   4.3928125e-02
   1.2515136e-01   4.4042828e-02
   1.2547477e-01   4.4157837e-02
   1.2579901e-01   4.4273151e-02
   1.2612408e-01   4.4388774e-02
   1.2645000e-01   4.4504704e-02
   1.2677676e-01   4.4620944e-02
   1.2710436e-01   4.4737494e-02
   1.2743281e-01   4.4854354e-02
   1.2776211e-01   4.4971526e-02
   1.2809227e-01   4.5089011e-02
   1.2842327e-01   4.5206810e-02
   1.2875513e-01   4.5324922e-02
   1.2908785e-01   4.5443350e-02
   1.2942142e-01   4.5562095e-02
   1.2975586e-01   4.5681156e-02
   1.3009117e-01   4.5800535e-02
   1.3042733e-01   4.5920233e-02
   1.3076437e-01   4.6040251e-02
   1.3110228e-01   4.6160590e-02
   1.3144107e-01   4.6281250e-02
   1.3178073e-01   4.6402233e-02
   1.3212126e-01   4.6523539e-02
   1.3246268e-01   4.6645169e-02
   1.3280498e-01   4.6767125e-02
   1.3314816e-01   4.6889407e-02
   1.3349223e-01   4.7012016e-02
   1.3383719e-01   4.7134953e-02
   1.3418304e-01   4.7258219e-02
   1.3452979e-01   4.7381815e-02
   1.3487743e-01   4.7505742e-02
   1.3522597e-01   4.7630000e-02
   1.3557541e-01   4.7754591e-02
   1.3592575e-01   4.7879517e-02
   1.3627700e-01   4.8004776e-02
   1.3662916e-01   4.8130372e-02
   1.3698222e-01   4.8256303e-02
   1.3733620e-01   4.8382573e-02
   1.3769110e-01   4.8509181e-02
   1.3804691e-01   4.8636128e-02
   1.3840364e-01   4.8763416e-02
   1.3876129e-01   4.8891045e-02
   1.3911987e-01   4.9019017e-02
   1.3947937e-01   4.9147331e-02
   1.3983980e-01   4.9275991e-02
   1.4020117e-01   4.9404995e-02
   1.4056347e-01   4.9534346e-02
   1.4092670e-01   4.9664045e-02
   1.4129088e-01   4.9794091e-02
   1.4165599e-01   4.9924487e-02
   1.4202205e-01   5.0055234e-02
   1.4238905e-01   5.0186331e-02
   1.4275700e-01   5.0317781e-02
   1.4312591e-01   5.0449585e-02
   1.4349577e-01   5.0581742e-02
   1.4386658e-01   5.0714256e-02
   1.4423835e-01   5.0847125e-02
   1.4461108e-01   5.0980352e-02
   1.4498478e-01   5.1113938e-02
   1.4535944e-01   5.1247883e-02
   1.4573507e-01   5.1382189e-02
   1.4611167e-01   5.1516856e-02
   1.4648924e-01   5.1651886e-02
   1.4686779e-01   5.1787280e-02
   1.4724732e-01   5.1923038e-02
   1.4762782e-01   5.2059162e-02
   1.4800932e-01   5.2195654e-02
   1.4839179e-01   5.2332513e-02
   1.4877526e-01   5.2469741e-02
   1.4915972e-01   5.2607339e-02
   1.4954517e-01   5.2745309e-02
   1.4993161e-01   5.2883650e-02
   1.5031906e-01   5.3022365e-02
   1.5070751e-01   5.3161455e-02
   1.5109696e-01   5.3300920e-02
   1.5148741e-01   5.3440761e-02
   1.5187888e-01   5.3580980e-02
   1.5227136e-01   5.3721578e-02
   1.5266485e-01   5.3862556e-02
   1.5305936e-01   5.4003915e-02
   1.5345489e-01   5.4145656e-02
   1.5385144e-01   5.4287781e-02
   1.5424902e-01   5.4430289e-02
   1.5464762e-01   5.4573184e-02
   1.5504725e-01   5.4716464e-02
   1.5544792e-01   5.4860133e-02
   1.5584962e-01   5.5004190e-02
   1.5625236e-01   5.5148638e-02
   1.5665614e-01   5.5293477e-02
   1.5706097e-01   5.5438708e-02
   1.5746684e-01   5.5584332e-02
   1.5787376e-01   5.5730351e-02
   1.5828173e-01   5.5876766e-02
   1.5869075e-01   5.6023578e-02
   1.5910083e-01   5.6170788e-02
   1.5951198e-01   5.6318397e-02
   1.5992418e-01   5.6466407e-02
   1.6033745e-01   5.6614818e-02
   1.6075179e-01   5.6763633e-02
   1.6116720e-01   5.6912851e-02
   1.6158368e-01   5.7062475e-02
   1.6200124e-01   5.7212505e-02
   1.6241988e-01   5.7362942e-02
   1.6283960e-01   5.7513789e-02
   1.6326040e-01   5.7665045e-02
   1.6368229e-01   5.7816713e-02
   1.6410527e-01   5.7968793e-02
   1.6452935e-01   5.8121287e-02
   1.6495452e-01   5.8274196e-02
   1.6538079e-01   5.8427521e-02
   1.6580816e-01   5.8581263e-02
   1.6623664e-01   5.8735425e-02
   1.6666622e-01   5.8890006e-02
   1.6709691e-01   5.9045008e-02
   1.6752872e-01   5.9200432e-02
   1.6796164e-01   5.9356280e-02
   1.6839568e-01   5.9512553e-02
   1.6883085e-01   5.9669253e-02
   1.6926713e-01   5.9826379e-02
   1.6970455e-01   5.9983935e-02
   1.7014309e-01   6.0141920e-02
   1.7058277e-01   6.0300337e-02
   1.7102359e-01   6.0459187e-02
   1.7146554e-01   6.0618470e-02
   1.7190864e-01   6.0778188e-02
   1.7235288e-01   6.0938343e-02
   1.7279827e-01   6.1098936e-02
   1.7324481e-01   6.1259968e-02
   1.7369250e-01   6.1421441e-02
   1.7414135e-01   6.1583355e-02
   1.7459136e-01   6.1745712e-02
   1.7504253e-01   6.1908514e-02
   1.7549487e-01   6.2071761e-02
   1.7594838e-01   6.2235456e-02
   1.7640306e-01   6.2399599e-02
   1.7685892e-01   6.2564192e-02
   1.7731595e-01   6.2729236e-02
   1.7777417e-01   6.2894732e-02
   1.7823356e-01   6.3060683e-02
   1.7869415e-01   6.3227089e-02
   1.7915593e-01   6.3393951e-02
   1.7961890e-01   6.3561272e-02
   1.8008306e-01   6.3729052e-02
   1.8054843e-01   6.3897292e-02
   1.8101499e-01   6.4065995e-02
   1.8148277e-01   6.4235162e-02
   1.8195175e-01   6.4404794e-02
   1.8242194e-01   6.4574892e-02
   1.8289335e-01   6.4745458e-02
   1.8336598e-01   6.4916493e-02
   1.8383983e-01   6.5087999e-02
   1.8431490e-01   6.5259978e-02
   1.8479120e-01   6.5432430e-02
   1.8526873e-01   6.5605357e-02
   1.8574750e-01   6.5778760e-02
   1.8622750e-01   6.5952642e-02
   1.8670874e-01   6.6127002e-02
   1.8719123e-01   6.6301844e-02
   1.8767496e-01   6.6477168e-02
   1.8815994e-01   6.6652977e-02
   1.8864618e-01   6.6829270e-02
   1.8913367e-01   6.7006050e-02
   1.8962242e-01   6.7183319e-02
   1.9011244e-01   6.7361077e-02
   1.9060372e-01   6.7539327e-02
   1.9109627e-01   6.7718070e-02
   1.9159009e-01   6.7897307e-02
   1.9208519e-01   6.8077040e-02
   1.9258157e-01   6.8257270e-02
   1.9307923e-01   6.8438000e-02
   1.9357818e-01   6.8619230e-02
   1.9407841e-01   6.8800961e-02
   1.9457994e-01   6.8983197e-02
   1.9508277e-01   6.9165938e-02
   1.9558689e-01   6.9349185e-02
   1.9609232e-01   6.9532941e-02
   1.9659905e-01   6.9717207e-02
   1.9710709e-01   6.9901984e-02
   1.9761644e-01   7.0087275e-02
   1.9812711e-01   7.0273080e-02
   1.9863910e-01   7.0459401e-02
   1.9915242e-01   7.0646240e-02
   1.9966706e-01   7.0833599e-02
   2.0018302e-01   7.1021479e-02
   2.0070032e-01   7.1209882e-02
   2.0121896e-01   7.1398809e-02
   2.0173894e-01   7.1588262e-02
   2.0226026e-01   7.1778242e-02
   2.0278293e-01   7.1968752e-02
   2.0330695e-01   7.2159794e-02
   2.0383232e-01   7.2351367e-02
   2.0435905e-01   7.2543475e-02
   2.0488714e-01   7.2736119e-02
   2.0541660e-01   7.2929301e-02
   2.0594742e-01   7.3123022e-02
   2.0647961e-01   7.3317285e-02
   2.0701318e-01   7.3512090e-02
   2.0754813e-01   7.3707439e-02
   2.0808446e-01   7.3903335e-02
   2.0862218e-01   7.4099779e-02
   2.0916128e-01   7.4296773e-02
   2.0970178e-01   7.4494317e-02
   2.1024367e-01   7.4692416e-02
   2.1078697e-01   7.4891069e-02
   2.1133166e-01   7.5090278e-02
   2.1187777e-01   7.5290047e-02
   2.1242528e-01   7.5490375e-02
   2.1297421e-01   7.5691265e-02
   2.1352456e-01   7.5892720e-02
   2.1407633e-01   7.6094740e-02
   2.1462952e-01   7.6297327e-02
   2.1518415e-01   7.6500483e-02
   2.1574020e-01   7.6704211e-02
   2.1629769e-01   7.6908511e-02
   2.1685663e-01   7.7113387e-02
   2.1741700e-01   7.7318838e-02
   2.1797883e-01   7.7524868e-02
   2.1854210e-01   7.7731478e-02
   2.1910683e-01   7.7938671e-02
   2.1967302e-01   7.8146447e-02
   2.2024067e-01   7.8354809e-02
   2.2080979e-01   7.8563759e-02
   2.2138038e-01   7.8773299e-02
   2.2195244e-01   7.8983430e-02
   2.2252598e-01   7.9194154e-02
   2.2310100e-01   7.9405474e-02
   2.2367751e-01   7.9617391e-02
   2.2425550e-01   7.9829907e-02
   2.2483499e-01   8.0043025e-02
   2.2541597e-01   8.0256745e-02
   2.2599846e-01   8.0471071e-02
   2.2658245e-01   8.0686003e-02
   2.2716794e-01   8.0901545e-02
   2.2775495e-01   8.1117697e-02
   2.2834348e-01   8.1334463e-02
   2.2893353e-01   8.1551843e-02
   2.2952510e-01   8.1769840e-02
   2.3011819e-01   8.1988456e-02
   2.3071282e-01   8.2207694e-02
   2.3130899e-01   8.2427554e-02
   2.3190669e-01   8.2648039e-02
   2.3250594e-01   8.2869151e-02
   2.3310674e-01   8.3090892e-02
   2.3370908e-01   8.3313265e-02
   2.3431299e-01   8.3536271e-02
   2.3491845e-01   8.3759912e-02
   2.3552547e-01   8.3984190e-02
   2.3613407e-01   8.4209108e-02
   2.3674423e-01   8.4434668e-02
   2.3735597e-01   8.4660871e-02
   2.3796929e-01   8.4887721e-02
   2.3858420e-01   8.5115218e-02
   2.3920069e-01   8.5343365e-02
   2.3981877e-01   8.5572165e-02
   2.4043845e-01   8.5801619e-02
   2.4105973e-01   8.6031730e-02
   2.4168261e-01   8.6262499e-02
   2.4230711e-01   8.6493929e-02
   2.4293321e-01   8.6726023e-02
   2.4356093e-01   8.6958782e-02
   2.4419027e-01   8.7192208e-02
   2.4482124e-01   8.7426304e-02
   2.4545383e-01   8.7661073e-02
   2.4608806e-01   8.7896515e-02
   2.4672393e-01   8.8132634e-02
   2.4736144e-01   8.8369432e-02
   2.4800059e-01   8.8606911e-02
   2.4864139e-01   8.8845073e-02
   2.4928385e-01   8.9083920e-02
   2.4992797e-01   8.9323456e-02
   2.5057375e-01   8.9563682e-02
   2.5122119e-01   8.9804600e-02
   2.5187031e-01   9.0046213e-02
   2.5252110e-01   9.0288524e-02
   2.5317357e-01   9.0531534e-02
   2.5382773e-01   9.0775245e-02
   2.5448358e-01   9.1019661e-02
   2.5514111e-01   9.1264784e-02
   2.5580035e-01   9.1510616e-02
   2.5646129e-01   9.1757159e-02
   2.5712393e-01   9.2004416e-02
   2.5778828e-01   9.2252389e-02
   2.5845435e-01   9.2501081e-02
   2.5912214e-01   9.2750494e-02
   2.5979165e-01   9.3000630e-02
   2.6046288e-01   9.3251493e-02
   2.6113585e-01   9.3503084e-02
   2.6181056e-01   9.3755405e-02
   2.6248701e-01   9.4008461e-02
   2.6316520e-01   9.4262252e-02
   2.6384515e-01   9.4516782e-02
   2.6452684e-01   9.4772053e-02
   2.6521030e-01   9.5028067e-02
   2.6589552e-01   9.5284828e-02
   2.6658251e-01   9.5542337e-02
   2.6727127e-01   9.5800597e-02
   2.6796181e-01   9.6059611e-02
   2.6865413e-01   9.6319382e-02
   2.6934824e-01   9.6579911e-02
   2.7004413e-01   9.6841202e-02
   2.7074183e-01   9.7103257e-02
   2.7144132e-01   9.7366079e-02
   2.7214262e-01   9.7629671e-02
   2.7284572e-01   9.7894035e-02
   2.7355064e-01   9.8159173e-02
   2.7425738e-01   9.8425089e-02
   2.7496594e-01   9.8691785e-02
   2.7567633e-01   9.8959264e-02
   2.7638855e-01   9.9227529e-02
   2.7710261e-01   9.9496582e-02
   2.7781851e-01   9.9766426e-02
   2.7853626e-01   1.0003706e-01
   2.7925585e-01   1.0030850e-01
   2.7997731e-01   1.0058073e-01
   2.8070062e-01   1.0085377e-01
   2.8142580e-01   1.0112761e-01
   2.8215285e-01   1.0140226e-01
   2.8288178e-01   1.0167772e-01
   2.8361258e-01   1.0195399e-01
   2.8434527e-01   1.0223108e-01
   2.8507985e-01   1.0250899e-01
   2.8581632e-01   1.0278772e-01
   2.8655469e-01   1.0306728e-01
   2.8729497e-01   1.0334766e-01
   2.8803715e-01   1.0362887e-01
   2.8878125e-01   1.0391092e-01
   2.8952726e-01   1.0419381e-01
   2.9027520e-01   1.0447753e-01
   2.9102506e-01   1.0476210e-01
   2.9177686e-01   1.0504751e-01
   2.9253060e-01   1.0533377e-01
   2.9328628e-01   1.0562088e-01
   2.9404391e-01   1.0590885e-01
   2.9480349e-01   1.0619767e-01
   2.9556503e-01   1.0648736e-01
   2.9632853e-01   1.0677791e-01
   2.9709400e-01   1.0706932e-01
   2.9786144e-01   1.0736161e-01
   2.9863086e-01   1.0765476e-01
   2.9940226e-01   1.0794880e-01
   3.0017565e-01   1.0824371e-01
   3.0095103e-01   1.0853951e-01
   3.0172841e-01   1.0883619e-01
   3.0250780e-01   1.0913376e-01
   3.0328919e-01   1.0943222e-01
   3.0385557e-01   1.0964864e-01
   3.0484355e-01   1.1002630e-01
   3.0556015e-01   1.1030036e-01
   3.0627843e-01   1.1057516e-01
   3.0699840e-01   1.1085072e-01
   3.0772005e-01   1.1112703e-01
   3.0844339e-01   1.1140409e-01
   3.0916844e-01   1.1168192e-01
   3.0989518e-01   1.1196051e-01
   3.1062362e-01   1.1223986e-01
   3.1135377e-01   1.1251998e-01
   3.1208563e-01   1.1280087e-01
   3.1281921e-01   1.1308253e-01
   3.1355450e-01   1.1336496e-01
   3.1429152e-01   1.1364817e-01
   3.1503027e-01   1.1393216e-01
   3.1577075e-01   1.1421693e-01
   3.1651296e-01   1.1450249e-01
   3.1725691e-01   1.1478883e-01
   3.1800260e-01   1.1507596e-01
   3.1875004e-01   1.1536389e-01
   3.1949924e-01   1.1565261e-01
   3.2025018e-01   1.1594213e-01
   3.2100289e-01   1.1623245e-01
   3.2175736e-01   1.1652357e-01
   3.2251359e-01   1.1681549e-01
   3.2327160e-01   1.1710823e-01
   3.2403138e-01   1.1740178e-01
   3.2479295e-01   1.1769614e-01
   3.2555629e-01   1.1799131e-01
   3.2632142e-01   1.1828731e-01
   3.2708835e-01   1.1858413e-01
   3.2785707e-01   1.1888177e-01
   3.2862759e-01   1.1918024e-01
   3.2939991e-01   1.1947954e-01
   3.2995959e-01   1.1969652e-01
   3.3093570e-01   1.2007510e-01
   3.3164350e-01   1.2034975e-01
   3.3287846e-01   1.2082922e-01
   3.3377462e-01   1.2117738e-01
   3.3442427e-01   1.2142987e-01
   3.3555756e-01   1.2187056e-01
   3.3637967e-01   1.2219043e-01
   3.3697550e-01   1.2242235e-01
   3.3801472e-01   1.2282705e-01
   3.3876836e-01   1.2312069e-01
   3.4008344e-01   1.2363339e-01
   3.4103789e-01   1.2400574e-01
   3.4172987e-01   1.2427583e-01
   3.4293711e-01   1.2474728e-01
   3.4381299e-01   1.2508955e-01
   3.4444784e-01   1.2533773e-01
   3.4555522e-01   1.2577087e-01
   3.4635839e-01   1.2608519e-01
   3.4694042e-01   1.2631307e-01
   3.4795547e-01   1.2671066e-01
   3.4869147e-01   1.2699910e-01
   3.4997562e-01   1.2750267e-01
   3.5090744e-01   1.2786831e-01
   3.5158292e-01   1.2813348e-01
   3.5276123e-01   1.2859632e-01
   3.5361597e-01   1.2893227e-01
   3.5423542e-01   1.2917584e-01
   3.5531583e-01   1.2960088e-01
   3.5609931e-01   1.2990928e-01
   3.5746642e-01   1.3044776e-01
   3.5845859e-01   1.3083884e-01
   3.5917789e-01   1.3112250e-01
   3.6043276e-01   1.3161767e-01
   3.6134317e-01   1.3197715e-01
   3.6200302e-01   1.3223782e-01
   3.6315398e-01   1.3269275e-01
   3.6398873e-01   1.3302289e-01
   3.6459362e-01   1.3326223e-01
   3.6564853e-01   1.3367984e-01
   3.6641341e-01   1.3398280e-01
   3.6774790e-01   1.3451171e-01
   3.6871620e-01   1.3489576e-01
   3.6941810e-01   1.3517429e-01
   3.7064248e-01   1.3566044e-01
   3.7153060e-01   1.3601331e-01
   3.7217423e-01   1.3626915e-01
   3.7329677e-01   1.3671560e-01
   3.7411078e-01   1.3703954e-01
   3.7553111e-01   1.3760516e-01
   3.7656186e-01   1.3801595e-01
   3.7730911e-01   1.3831391e-01
   3.7861269e-01   1.3883405e-01
   3.7955840e-01   1.3921165e-01
   3.8024382e-01   1.3948547e-01
   3.8143934e-01   1.3996334e-01
   3.8230638e-01   1.4031013e-01
   3.8293465e-01   1.4056154e-01
   3.8403031e-01   1.4100022e-01
   3.8482471e-01   1.4131846e-01
   3.8621066e-01   1.4187407e-01
   3.8721626e-01   1.4227751e-01
   3.8794517e-01   1.4257009e-01
   3.8921664e-01   1.4308079e-01
   3.9013887e-01   1.4345147e-01
   3.9080720e-01   1.4372023e-01
   3.9197280e-01   1.4418923e-01
   3.9281800e-01   1.4452953e-01
   3.9429273e-01   1.4512373e-01
   3.9536290e-01   1.4555527e-01
   3.9613869e-01   1.4586829e-01
   3.9749205e-01   1.4641471e-01
   3.9847381e-01   1.4681140e-01
   3.9918535e-01   1.4709905e-01
   4.0042640e-01   1.4760108e-01
   4.0132641e-01   1.4796541e-01
   4.0197856e-01   1.4822953e-01
   4.0311584e-01   1.4869039e-01
   4.0394037e-01   1.4902473e-01
   4.0537887e-01   1.4960845e-01
   4.0642256e-01   1.5003229e-01
   4.0717904e-01   1.5033968e-01
   4.0849858e-01   1.5087623e-01
   4.0945565e-01   1.5126566e-01
   4.1014919e-01   1.5154802e-01
   4.1135875e-01   1.5204077e-01
   4.1223579e-01   1.5239829e-01
   4.1376602e-01   1.5302258e-01
   4.1487642e-01   1.5347597e-01
   4.1568134e-01   1.5380484e-01
   4.1708549e-01   1.5437895e-01
   4.1810405e-01   1.5479573e-01
   4.1884223e-01   1.5509795e-01
   4.2012972e-01   1.5562542e-01
   4.2106338e-01   1.5600821e-01
   4.2173988e-01   1.5628571e-01
   4.2291960e-01   1.5676993e-01
   4.2377488e-01   1.5712122e-01
   4.2526698e-01   1.5773453e-01
   4.2634950e-01   1.5817986e-01
   4.2713410e-01   1.5850283e-01
   4.2850267e-01   1.5906658e-01
   4.2949524e-01   1.5947577e-01
   4.3021450e-01   1.5977245e-01
   4.3146886e-01   1.6029019e-01
   4.3237836e-01   1.6066585e-01
   4.3396517e-01   1.6132181e-01
   4.3511657e-01   1.6179821e-01
   4.3595118e-01   1.6214376e-01
   4.3740708e-01   1.6274700e-01
   4.3846314e-01   1.6318493e-01
   4.3922847e-01   1.6350250e-01
   4.4056328e-01   1.6405674e-01
   4.4153121e-01   1.6445896e-01
   4.4223252e-01   1.6475055e-01
   4.4345549e-01   1.6525935e-01
   4.4434209e-01   1.6562847e-01
   4.4588878e-01   1.6627293e-01
   4.4701085e-01   1.6674087e-01
   4.4782409e-01   1.6708024e-01
   4.4924257e-01   1.6767263e-01
   4.5027130e-01   1.6810260e-01
   4.5101673e-01   1.6841434e-01
   4.5231672e-01   1.6895838e-01
   4.5325925e-01   1.6935312e-01
   4.5490366e-01   1.7004241e-01
   4.5609679e-01   1.7054301e-01
   4.5696162e-01   1.7090612e-01
   4.5847019e-01   1.7154001e-01
   4.5956441e-01   1.7200020e-01
   4.6035736e-01   1.7233389e-01
   4.6174031e-01   1.7291631e-01
   4.6274311e-01   1.7333896e-01
   4.6346966e-01   1.7364537e-01
   4.6473662e-01   1.7418003e-01
   4.6565507e-01   1.7456790e-01
   4.6725728e-01   1.7524512e-01
   4.6841957e-01   1.7573684e-01
   4.6926193e-01   1.7609346e-01
   4.7073116e-01   1.7671596e-01
   4.7179666e-01   1.7716778e-01
   4.7256870e-01   1.7749537e-01
   4.7391506e-01   1.7806706e-01
   4.7489118e-01   1.7848186e-01
   4.7659414e-01   1.7920620e-01
   4.7782967e-01   1.7973224e-01
   4.7872521e-01   1.8011380e-01
   4.8028730e-01   1.8077992e-01
   4.8142028e-01   1.8126349e-01
   4.8224129e-01   1.8161415e-01
   4.8367315e-01   1.8222616e-01
   4.8471137e-01   1.8267030e-01
   4.8546356e-01   1.8299227e-01
   4.8677519e-01   1.8355411e-01
   4.8772599e-01   1.8396169e-01
   4.8938458e-01   1.8467333e-01
   4.9058770e-01   1.8519004e-01
   4.9145963e-01   1.8556478e-01
   4.9298039e-01   1.8621891e-01
   4.9408320e-01   1.8669369e-01
   4.9488225e-01   1.8703792e-01
   4.9627568e-01   1.8763866e-01
   4.9728588e-01   1.8807453e-01
   4.9904824e-01   1.8883566e-01
   5.0032680e-01   1.8938843e-01
   5.0125350e-01   1.8978937e-01
   5.0286988e-01   1.9048932e-01
   5.0404217e-01   1.9099745e-01
   5.0489165e-01   1.9136590e-01
   5.0637311e-01   1.9200900e-01
   5.0744724e-01   1.9247568e-01
   5.0822543e-01   1.9281399e-01
   5.0958235e-01   1.9340435e-01
   5.1056594e-01   1.9383262e-01
   5.1228169e-01   1.9458037e-01
   5.1352620e-01   1.9512330e-01
   5.1442809e-01   1.9551705e-01
   5.1600107e-01   1.9620437e-01
   5.1714168e-01   1.9670323e-01
   5.1796810e-01   1.9706491e-01
   5.1940922e-01   1.9769611e-01
   5.2045394e-01   1.9815409e-01
   5.2121074e-01   1.9848605e-01
   5.2253026e-01   1.9906525e-01
   5.2348660e-01   1.9948536e-01
   5.2515464e-01   2.0021878e-01
   5.2636434e-01   2.0075120e-01
   5.2724089e-01   2.0113727e-01
   5.2876952e-01   2.0181109e-01
   5.2987780e-01   2.0230007e-01
   5.3068070e-01   2.0265454e-01
   5.3208069e-01   2.0327308e-01
   5.3309544e-01   2.0372180e-01
   5.3486550e-01   2.0450525e-01
   5.3614935e-01   2.0507409e-01
   5.3707971e-01   2.0548662e-01
   5.3870228e-01   2.0620672e-01
   5.3987880e-01   2.0672937e-01
   5.4073121e-01   2.0710829e-01
   5.4221760e-01   2.0776958e-01
   5.4329510e-01   2.0824937e-01
   5.4407561e-01   2.0859714e-01
   5.4543645e-01   2.0920393e-01
   5.4642269e-01   2.0964404e-01
   5.4814284e-01   2.1041238e-01
   5.4939027e-01   2.1097013e-01
   5.5029412e-01   2.1137456e-01
   5.5187031e-01   2.1208042e-01
   5.5301303e-01   2.1259264e-01
   5.5384084e-01   2.1296396e-01
   5.5528423e-01   2.1361190e-01
   5.5633041e-01   2.1408192e-01
   5.5815521e-01   2.1490258e-01
   5.5947869e-01   2.1549842e-01
   5.6043773e-01   2.1593052e-01
   5.6211027e-01   2.1668477e-01
   5.6332297e-01   2.1723219e-01
   5.6420155e-01   2.1762908e-01
   5.6573354e-01   2.1832169e-01
   5.6684405e-01   2.1882421e-01
   5.6764844e-01   2.1918844e-01
   5.6905088e-01   2.1982395e-01
   5.7006723e-01   2.2028488e-01
   5.7183983e-01   2.2108956e-01
   5.7312522e-01   2.2167367e-01
   5.7405655e-01   2.2209721e-01
   5.7568061e-01   2.2283642e-01
   5.7685797e-01   2.2337282e-01
   5.7771085e-01   2.2376166e-01
   5.7919791e-01   2.2444017e-01
   5.8027569e-01   2.2493236e-01
   5.8105629e-01   2.2528906e-01
   5.8241715e-01   2.2591137e-01
   5.8340324e-01   2.2636266e-01
   5.8512291e-01   2.2715040e-01
   5.8636971e-01   2.2772210e-01
   5.8727296e-01   2.2813658e-01
   5.8884794e-01   2.2885990e-01
   5.8998954e-01   2.2938467e-01
   5.9081643e-01   2.2976502e-01
   5.9225806e-01   2.3042866e-01
   5.9330276e-01   2.3090998e-01
   5.9512477e-01   2.3175023e-01
   5.9644591e-01   2.3236015e-01
   5.9740310e-01   2.3280238e-01
   5.9907221e-01   2.3357422e-01
   6.0028217e-01   2.3413427e-01
   6.0115864e-01   2.3454025e-01
   6.0268678e-01   2.3524865e-01
   6.0379428e-01   2.3576251e-01
   6.0459638e-01   2.3613491e-01
   6.0599469e-01   2.3678459e-01
   6.0700787e-01   2.3725572e-01
   6.0877473e-01   2.3807807e-01
   6.1005568e-01   2.3867488e-01
   6.1098363e-01   2.3910754e-01
   6.1260164e-01   2.3986258e-01
   6.1377437e-01   2.4041034e-01
   6.1462378e-01   2.4080736e-01
   6.1610464e-01   2.4150004e-01
   6.1717772e-01   2.4200242e-01
   6.1795482e-01   2.4236645e-01
   6.1930945e-01   2.4300148e-01
   6.2029086e-01   2.4346190e-01
   6.2200216e-01   2.4426547e-01
   6.2324264e-01   2.4484853e-01
   6.2414118e-01   2.4527117e-01
   6.2570777e-01   2.4600864e-01
   6.2684308e-01   2.4654356e-01
   6.2766529e-01   2.4693121e-01
   6.2909863e-01   2.4760750e-01
   6.3013715e-01   2.4809790e-01
   6.3194814e-01   2.4895387e-01
   6.3326101e-01   2.4957504e-01
   6.3421206e-01   2.5002536e-01
   6.3587028e-01   2.5081119e-01
   6.3707210e-01   2.5138128e-01
   6.3794255e-01   2.5179445e-01
   6.3946004e-01   2.5251533e-01
   6.4055962e-01   2.5303812e-01
   6.4135589e-01   2.5341694e-01
   6.4274389e-01   2.5407775e-01
   6.4374944e-01   2.5455686e-01
   6.4550278e-01   2.5539301e-01
   6.4677366e-01   2.5599968e-01
   6.4769419e-01   2.5643942e-01
   6.4929907e-01   2.5720671e-01
   6.5046208e-01   2.5776324e-01
   6.5130433e-01   2.5816654e-01
   6.5277255e-01   2.5887011e-01
   6.5383630e-01   2.5938027e-01
   6.5460654e-01   2.5974989e-01
   6.5594910e-01   2.6039460e-01
   6.5692162e-01   2.6086196e-01
   6.5861722e-01   2.6167751e-01
   6.5984608e-01   2.6226912e-01
   6.6073607e-01   2.6269789e-01
   6.6228760e-01   2.6344594e-01
   6.6341180e-01   2.6398843e-01
   6.6422586e-01   2.6438151e-01
   6.6564486e-01   2.6506718e-01
   6.6667282e-01   2.6556428e-01
   6.6846518e-01   2.6643182e-01
   6.6976429e-01   2.6706124e-01
   6.7070522e-01   2.6751745e-01
   6.7234563e-01   2.6831346e-01
   6.7353433e-01   2.6889079e-01
   6.7439515e-01   2.6930915e-01
   6.7589572e-01   2.7003898e-01
   6.7698285e-01   2.7056816e-01
   6.7777001e-01   2.7095155e-01
   6.7914201e-01   2.7162025e-01
   6.8013582e-01   2.7210498e-01
   6.8186848e-01   2.7295083e-01
   6.8312414e-01   2.7356439e-01
   6.8403352e-01   2.7400905e-01
   6.8561879e-01   2.7478481e-01
   6.8676738e-01   2.7534736e-01
   6.8759908e-01   2.7575496e-01
   6.8904879e-01   2.7646595e-01
   6.9009895e-01   2.7698139e-01
   6.9192997e-01   2.7788089e-01
   6.9325703e-01   2.7853347e-01
   6.9421817e-01   2.7900644e-01
   6.9589377e-01   2.7983167e-01
   6.9710790e-01   2.8043018e-01
   6.9798712e-01   2.8086386e-01
   6.9951971e-01   2.8162040e-01
   7.0062999e-01   2.8216892e-01
   7.0143389e-01   2.8256631e-01
   7.0283503e-01   2.8325942e-01
   7.0384990e-01   2.8376182e-01
   7.0561925e-01   2.8463846e-01
   7.0690142e-01   2.8527433e-01
   7.0782997e-01   2.8573514e-01
   7.0944861e-01   2.8653905e-01
   7.1062133e-01   2.8712198e-01
   7.1147048e-01   2.8754434e-01
   7.1295056e-01   2.8828103e-01
   7.1402268e-01   2.8881509e-01
   7.1479887e-01   2.8920195e-01
   7.1615165e-01   2.8987663e-01
   7.1713140e-01   2.9036561e-01
   7.1883937e-01   2.9121874e-01
   7.2007690e-01   2.9183743e-01
   7.2097303e-01   2.9228574e-01
   7.2253507e-01   2.9306775e-01
   7.2366663e-01   2.9363472e-01
   7.2448591e-01   2.9404545e-01
   7.2591384e-01   2.9476181e-01
   7.2694807e-01   2.9528105e-01
   7.2875112e-01   2.9618704e-01
   7.3005765e-01   2.9684416e-01
   7.3100380e-01   2.9732034e-01
   7.3265309e-01   2.9815105e-01
   7.3384796e-01   2.9875339e-01
   7.3471312e-01   2.9918978e-01
   7.3622106e-01   2.9995095e-01
   7.3731333e-01   3.0050271e-01
   7.3810408e-01   3.0090239e-01
   7.3948221e-01   3.0159940e-01
   7.4048027e-01   3.0210454e-01
   7.4222013e-01   3.0298583e-01
   7.4348071e-01   3.0362492e-01
   7.4439350e-01   3.0408798e-01
   7.4598453e-01   3.0489570e-01
   7.4713706e-01   3.0548128e-01
   7.4797148e-01   3.0590549e-01
   7.4942577e-01   3.0664531e-01
   7.5047906e-01   3.0718153e-01
   7.5231528e-01   3.0811712e-01
   7.5364578e-01   3.0879566e-01
   7.5460925e-01   3.0928735e-01
   7.5628870e-01   3.1014508e-01
   7.5750536e-01   3.1076697e-01
   7.5838626e-01   3.1121752e-01
   7.5992162e-01   3.1200333e-01
   7.6103370e-01   3.1257294e-01
   7.6183877e-01   3.1298553e-01
   7.6324183e-01   3.1370503e-01
   7.6425790e-01   3.1422645e-01
   7.6602912e-01   3.1513610e-01
   7.6731235e-01   3.1579572e-01
   7.6824152e-01   3.1627363e-01
   7.6986105e-01   3.1710723e-01
   7.7103417e-01   3.1771154e-01
   7.7188348e-01   3.1814930e-01
   7.7336368e-01   3.1891273e-01
   7.7443569e-01   3.1946603e-01
   7.7630449e-01   3.2043139e-01
   7.7765854e-01   3.2113147e-01
   7.7863903e-01   3.2163875e-01
   7.8034810e-01   3.2252364e-01
   7.8158616e-01   3.2316519e-01
   7.8248253e-01   3.2362995e-01
   7.8404481e-01   3.2444054e-01
   7.8517634e-01   3.2502808e-01
   7.8599547e-01   3.2545364e-01
   7.8742300e-01   3.2619573e-01
   7.8845676e-01   3.2673349e-01
   7.9025875e-01   3.2767162e-01
   7.9156422e-01   3.2835184e-01
   7.9250945e-01   3.2884467e-01
   7.9415695e-01   3.2970425e-01
   7.9535028e-01   3.3032735e-01
   7.9621420e-01   3.3077870e-01
   7.9771982e-01   3.3156582e-01
   7.9881020e-01   3.3213626e-01
   8.0071097e-01   3.3313147e-01
   8.0208811e-01   3.3385316e-01
   8.0308529e-01   3.3437606e-01
   8.0482340e-01   3.3528818e-01
   8.0608245e-01   3.3594942e-01
   8.0699399e-01   3.3642844e-01
   8.0858266e-01   3.3726386e-01
   8.0973326e-01   3.3786935e-01
   8.1173910e-01   3.3892581e-01
   8.1319248e-01   3.3969199e-01
   8.1424492e-01   3.4024718e-01
   8.1607943e-01   3.4121568e-01
   8.1740840e-01   3.4191787e-01
   8.1837061e-01   3.4242659e-01
   8.2004767e-01   3.4331386e-01
   8.2126235e-01   3.4395699e-01
   8.2214170e-01   3.4442284e-01
   8.2367419e-01   3.4523520e-01
   8.2478398e-01   3.4582389e-01
   8.2671853e-01   3.4685092e-01
   8.2812008e-01   3.4759562e-01
   8.2913490e-01   3.4813518e-01
   8.3090371e-01   3.4907630e-01
   8.3218494e-01   3.4975853e-01
   8.3311251e-01   3.5025273e-01
   8.3472908e-01   3.5111458e-01
   8.3589984e-01   3.5173920e-01
   8.3794076e-01   3.5282897e-01
   8.3941949e-01   3.5361926e-01
   8.4049024e-01   3.5419189e-01
   8.4235663e-01   3.5519076e-01
   8.4370863e-01   3.5591493e-01
   8.4468749e-01   3.5643954e-01
   8.4639351e-01   3.5735449e-01
   8.4762912e-01   3.5801765e-01
   8.4852359e-01   3.5849798e-01
   8.5008240e-01   3.5933556e-01
   8.5121121e-01   3.5994251e-01
   8.5317886e-01   3.6100131e-01
   8.5460432e-01   3.6176901e-01
   8.5563642e-01   3.6232520e-01
   8.5743530e-01   3.6329528e-01
   8.5873826e-01   3.6399847e-01
   8.5968152e-01   3.6450782e-01
   8.6132542e-01   3.6539607e-01
   8.6251592e-01   3.6603978e-01
   8.6459120e-01   3.6716280e-01
   8.6609475e-01   3.6797714e-01
   8.6718344e-01   3.6856716e-01
   8.6908103e-01   3.6959633e-01
   8.7045558e-01   3.7034241e-01
   8.7145073e-01   3.7088287e-01
   8.7318510e-01   3.7182543e-01
   8.7444120e-01   3.7250855e-01
   8.7663093e-01   3.7370042e-01
   8.7821752e-01   3.7456478e-01
   8.7936640e-01   3.7519109e-01
   8.8136900e-01   3.7628363e-01
   8.8281971e-01   3.7707573e-01
   8.8387005e-01   3.7764956e-01
   8.8570068e-01   3.7865037e-01
   8.8702657e-01   3.7937579e-01
   8.8933808e-01   3.8064152e-01
   8.9101305e-01   3.8155956e-01
   8.9222599e-01   3.8222482e-01
   8.9434034e-01   3.8338536e-01
   8.9587212e-01   3.8422685e-01
   8.9698121e-01   3.8483651e-01
   8.9891432e-01   3.8589987e-01
   9.0031452e-01   3.8667069e-01
   9.0132821e-01   3.8722903e-01
   9.0309486e-01   3.8820274e-01
   9.0437428e-01   3.8890840e-01
   9.0660460e-01   3.9013950e-01
   9.0822052e-01   3.9103225e-01
   9.0939060e-01   3.9167909e-01
   9.1143008e-01   3.9280738e-01
   9.1290744e-01   3.9362533e-01
   9.1397704e-01   3.9421787e-01
   9.1584120e-01   3.9525125e-01
   9.1719132e-01   3.9600021e-01
   9.1954500e-01   3.9730697e-01
   9.2125042e-01   3.9825468e-01
   9.2248538e-01   3.9894139e-01
   9.2463804e-01   4.0013930e-01
   9.2619750e-01   4.0100782e-01
   9.2732659e-01   4.0163702e-01
   9.2929451e-01   4.0273442e-01
   9.3071987e-01   4.0352985e-01
   9.3320484e-01   4.0491777e-01
   9.3500554e-01   4.0592445e-01
   9.3630956e-01   4.0665396e-01
   9.3858271e-01   4.0792659e-01
   9.4022958e-01   4.0884937e-01
   9.4142202e-01   4.0951794e-01
   9.4350043e-01   4.1068405e-01
   9.4500593e-01   4.1152936e-01
   9.4763072e-01   4.1300444e-01
   9.4953290e-01   4.1407444e-01
   9.5091050e-01   4.1484990e-01
   9.5331201e-01   4.1620279e-01
   9.5505200e-01   4.1718386e-01
   9.5631194e-01   4.1789470e-01
   9.5850809e-01   4.1913464e-01
   9.6009898e-01   4.2003354e-01
   9.6287278e-01   4.2160225e-01
   9.6488313e-01   4.2274031e-01
   9.6633916e-01   4.2356515e-01
   9.6887751e-01   4.2500429e-01
   9.7071678e-01   4.2604802e-01
   9.7204870e-01   4.2680431e-01
   9.7437039e-01   4.2812361e-01
   9.7605234e-01   4.2908014e-01
   9.7898508e-01   4.3074953e-01
   9.8111080e-01   4.3196076e-01
   9.8265049e-01   4.3283871e-01
   9.8533481e-01   4.3437063e-01
   9.8728002e-01   4.3548175e-01
   9.9067249e-01   4.3742157e-01
   9.9313233e-01   4.3882972e-01
   9.9491448e-01   4.3985076e-01
   9.9802210e-01   4.4163287e-01
