   0.0000000e+00   0.0000000e+00
   4.0116900e-02   1.5743859e-02
   4.0234141e-02   1.5789921e-02
   4.0351726e-02   1.5836119e-02
   4.0469654e-02   1.5882452e-02
   4.0587927e-02   1.5928921e-02
   4.0706545e-02   1.5975526e-02
   4.0825511e-02   1.6022268e-02
   4.0944824e-02   1.6069148e-02
   4.1064486e-02   1.6116164e-02
   4.1184498e-02   1.6163319e-02
   4.1304860e-02   1.6210612e-02
   4.1425575e-02   1.6258044e-02
   4.1546642e-02   1.6305615e-02
   4.1668064e-02   1.6353325e-02
   4.1789840e-02   1.6401175e-02
   4.1911973e-02   1.6449166e-02
   4.2034462e-02   1.6497298e-02
   4.2157310e-02   1.6545571e-02
   4.2280516e-02   1.6593985e-02
   4.2404083e-02   1.6642542e-02
   4.2528012e-02   1.6691241e-02
   4.2652302e-02   1.6740083e-02
   4.2776956e-02   1.6789068e-02
   4.2901974e-02   1.6838197e-02
   4.3027358e-02   1.6887471e-02
   4.3153109e-02   1.6936889e-02
   4.3279227e-02   1.6986451e-02
   4.3405714e-02   1.7036160e-02
   4.3532570e-02   1.7086014e-02
   4.3659798e-02   1.7136015e-02
   4.3787397e-02   1.7186162e-02
   4.3915370e-02   1.7236457e-02
   4.4043716e-02   1.7286899e-02
   4.4172438e-02   1.7337489e-02
   4.4301537e-02   1.7388228e-02
   4.4431012e-02   1.7439115e-02
   4.4560867e-02   1.7490152e-02
   4.4691101e-02   1.7541339e-02
   4.4821716e-02   1.7592677e-02
   4.4952712e-02   1.7644164e-02
   4.5084092e-02   1.7695803e-02
   4.5215856e-02   1.7747594e-02
   4.5348005e-02   1.7799537e-02
   4.5480540e-02   1.7851632e-02
   4.5613463e-02   1.7903880e-02
   4.5746775e-02   1.7956282e-02
   4.5880476e-02   1.8008838e-02
   4.6014568e-02   1.8061547e-02
   4.6149053e-02   1.8114412e-02
   4.6283930e-02   1.8167432e-02
   4.6419202e-02   1.8220608e-02
   4.6554870e-02   1.8273939e-02
   4.6690934e-02   1.8327428e-02
   4.6827396e-02   1.8381073e-02
   4.6964257e-02   1.8434876e-02
   4.7101518e-02   1.8488837e-02
   4.7239180e-02   1.8542957e-02
   4.7377245e-02   1.8597235e-02
   4.7515714e-02   1.8651673e-02
   4.7654588e-02   1.8706271e-02
   4.7793867e-02   1.8761030e-02
   4.7933554e-02   1.8815949e-02
   4.8073650e-02   1.8871029e-02
   4.8214155e-02   1.8926272e-02
   4.8355071e-02   1.8981676e-02
   4.8496399e-02   1.9037244e-02
   4.8638140e-02   1.9092974e-02
   4.8780296e-02   1.9148869e-02
   4.8922867e-02   1.9204928e-02
   4.9065855e-02   1.9261151e-02
   4.9209262e-02   1.9317540e-02
   4.9353087e-02   1.9374094e-02
   4.9497333e-02   1.9430815e-02
   4.9642002e-02   1.9487702e-02
   4.9787093e-02   1.9544756e-02
   4.9932608e-02   1.9601978e-02
   5.0078549e-02   1.9659369e-02
   5.0224917e-02   1.9716928e-02
   5.0371712e-02   1.9774656e-02
   5.0518937e-02   1.9832554e-02
   5.0666593e-02   1.9890622e-02
   5.0814680e-02   1.9948861e-02
   5.0963200e-02   2.0007271e-02
   5.1112155e-02   2.0065852e-02
   5.1261545e-02   2.0124606e-02
   5.1411372e-02   2.0183533e-02
   5.1561637e-02   2.0242633e-02
   5.1712342e-02   2.0301907e-02
   5.1863487e-02   2.0361355e-02
   5.2015075e-02   2.0420977e-02
   5.2167105e-02   2.0480775e-02
   5.2319581e-02   2.0540749e-02
   5.2472502e-02   2.0600900e-02
   5.2625870e-02   2.0661227e-02
   5.2779687e-02   2.0721732e-02
   5.2933954e-02   2.0782414e-02
   5.3088672e-02   2.0843275e-02
   5.3243842e-02   2.0904316e-02
   5.3399466e-02   2.0965535e-02
   5.3555545e-02   2.1026935e-02
   5.3712081e-02   2.1088515e-02
   5.3869075e-02   2.1150277e-02
   5.4026527e-02   2.1212220e-02
   5.4184440e-02   2.1274346e-02
   5.4342815e-02   2.1336654e-02
   5.4501653e-02   2.1399146e-02
   5.4660956e-02   2.1461821e-02
   5.4820725e-02   2.1524681e-02
   5.4980961e-02   2.1587726e-02
   5.5141665e-02   2.1650956e-02
   5.5302840e-02   2.1714373e-02
   5.5464485e-02   2.1777976e-02
   5.5626604e-02   2.1841766e-02
   5.5789197e-02   2.1905744e-02
   5.5952265e-02   2.1969911e-02
   5.6115811e-02   2.2034266e-02
   5.6279834e-02   2.2098811e-02
   5.6444338e-02   2.2163546e-02
   5.6609322e-02   2.2228471e-02
   5.6774789e-02   2.2293587e-02
   5.6940740e-02   2.2358895e-02
   5.7107177e-02   2.2424396e-02
   5.7274100e-02   2.2490089e-02
   5.7441511e-02   2.2555976e-02
   5.7609412e-02   2.2622057e-02
   5.7777804e-02   2.2688332e-02
   5.7946689e-02   2.2754803e-02
   5.8116068e-02   2.2821469e-02
   5.8285942e-02   2.2888331e-02
   5.8456313e-02   2.2955391e-02
   5.8627182e-02   2.3022648e-02
   5.8798551e-02   2.3090103e-02
   5.8970422e-02   2.3157757e-02
   5.9142795e-02   2.3225610e-02
   5.9315672e-02   2.3293663e-02
   5.9489055e-02   2.3361917e-02
   5.9662946e-02   2.3430372e-02
   5.9837344e-02   2.3499028e-02
   6.0012253e-02   2.3567887e-02
   6.0187674e-02   2.3636948e-02
   6.0363608e-02   2.3706213e-02
   6.0540056e-02   2.3775683e-02
   6.0717021e-02   2.3845357e-02
   6.0894503e-02   2.3915236e-02
   6.1072504e-02   2.3985321e-02
   6.1251026e-02   2.4055613e-02
   6.1430071e-02   2.4126112e-02
   6.1609639e-02   2.4196819e-02
   6.1789732e-02   2.4267734e-02
   6.1970352e-02   2.4338859e-02
   6.2151501e-02   2.4410193e-02
   6.2333179e-02   2.4481737e-02
   6.2515389e-02   2.4553493e-02
   6.2698132e-02   2.4625460e-02
   6.2881410e-02   2.4697639e-02
   6.3065224e-02   2.4770031e-02
   6.3249575e-02   2.4842637e-02
   6.3434466e-02   2.4915456e-02
   6.3619898e-02   2.4988491e-02
   6.3805872e-02   2.5061741e-02
   6.3992391e-02   2.5135207e-02
   6.4179455e-02   2.5208890e-02
   6.4367066e-02   2.5282790e-02
   6.4555226e-02   2.5356908e-02
   6.4743937e-02   2.5431245e-02
   6.4933199e-02   2.5505801e-02
   6.5123016e-02   2.5580577e-02
   6.5313388e-02   2.5655574e-02
   6.5504316e-02   2.5730792e-02
   6.5695804e-02   2.5806233e-02
   6.5887852e-02   2.5881895e-02
   6.6080461e-02   2.5957782e-02
   6.6273634e-02   2.6033892e-02
   6.6467372e-02   2.6110227e-02
   6.6661678e-02   2.6186787e-02
   6.6856551e-02   2.6263573e-02
   6.7051995e-02   2.6340586e-02
   6.7248011e-02   2.6417827e-02
   6.7444600e-02   2.6495295e-02
   6.7641764e-02   2.6572993e-02
   6.7839506e-02   2.6650919e-02
   6.8037826e-02   2.6729076e-02
   6.8236726e-02   2.6807464e-02
   6.8436208e-02   2.6886083e-02
   6.8636274e-02   2.6964935e-02
   6.8836925e-02   2.7044019e-02
   6.9038164e-02   2.7123338e-02
   6.9239991e-02   2.7202890e-02
   6.9442409e-02   2.7282678e-02
   6.9645419e-02   2.7362701e-02
   6.9849023e-02   2.7442961e-02
   7.0053223e-02   2.7523458e-02
   7.0258021e-02   2.7604193e-02
   7.0463418e-02   2.7685166e-02
   7.0669416e-02   2.7766379e-02
   7.0876017e-02   2.7847832e-02
   7.1083222e-02   2.7929526e-02
   7.1291034e-02   2.8011461e-02
   7.1499453e-02   2.8093639e-02
   7.1708483e-02   2.8176059e-02
   7.1918125e-02   2.8258723e-02
   7.2128380e-02   2.8341632e-02
   7.2339250e-02   2.8424786e-02
   7.2550737e-02   2.8508186e-02
   7.2762844e-02   2.8591833e-02
   7.2975571e-02   2.8675727e-02
   7.3188921e-02   2.8759869e-02
   7.3402895e-02   2.8844260e-02
   7.3617495e-02   2.8928901e-02
   7.3832723e-02   2.9013792e-02
   7.4048582e-02   2.9098935e-02
   7.4265072e-02   2.9184329e-02
   7.4482196e-02   2.9269976e-02
   7.4699955e-02   2.9355877e-02
   7.4918351e-02   2.9442032e-02
   7.5137387e-02   2.9528442e-02
   7.5357064e-02   2.9615108e-02
   7.5577384e-02   2.9702030e-02
   7.5798348e-02   2.9789210e-02
   7.6019960e-02   2.9876648e-02
   7.6242220e-02   2.9964345e-02
   7.6465130e-02   3.0052301e-02
   7.6688694e-02   3.0140519e-02
   7.6912911e-02   3.0228997e-02
   7.7137785e-02   3.0317738e-02
   7.7363317e-02   3.0406741e-02
   7.7589509e-02   3.0496008e-02
   7.7816363e-02   3.0585540e-02
   7.8043882e-02   3.0675337e-02
   7.8272066e-02   3.0765400e-02
   7.8500918e-02   3.0855730e-02
   7.8730441e-02   3.0946327e-02
   7.8960635e-02   3.1037194e-02
   7.9191503e-02   3.1128329e-02
   7.9423047e-02   3.1219735e-02
   7.9655268e-02   3.1311412e-02
   7.9888170e-02   3.1403360e-02
   8.0121753e-02   3.1495582e-02
   8.0356020e-02   3.1588076e-02
   8.0590973e-02   3.1680846e-02
   8.0826614e-02   3.1773890e-02
   8.1062945e-02   3.1867210e-02
   8.1299968e-02   3.1960807e-02
   8.1537684e-02   3.2054682e-02
   8.1776097e-02   3.2148835e-02
   8.2015207e-02   3.2243268e-02
   8.2255018e-02   3.2337981e-02
   8.2495530e-02   3.2432975e-02
   8.2736747e-02   3.2528251e-02
   8.2978670e-02   3.2623810e-02
   8.3221302e-02   3.2719653e-02
   8.3464644e-02   3.2815780e-02
   8.3708698e-02   3.2912193e-02
   8.3953467e-02   3.3008892e-02
   8.4198952e-02   3.3105878e-02
   8.4445157e-02   3.3203152e-02
   8.4692082e-02   3.3300715e-02
   8.4939731e-02   3.3398568e-02
   8.5188104e-02   3.3496711e-02
   8.5437205e-02   3.3595147e-02
   8.5687035e-02   3.3693874e-02
   8.5937597e-02   3.3792895e-02
   8.6188893e-02   3.3892211e-02
   8.6440924e-02   3.3991821e-02
   8.6693694e-02   3.4091728e-02
   8.6947204e-02   3.4191932e-02
   8.7201456e-02   3.4292433e-02
   8.7456452e-02   3.4393234e-02
   8.7712196e-02   3.4494334e-02
   8.7968688e-02   3.4595735e-02
   8.8225932e-02   3.4697438e-02
   8.8483929e-02   3.4799443e-02
   8.8742681e-02   3.4901751e-02
   8.9002192e-02   3.5004364e-02
   8.9262462e-02   3.5107283e-02
   8.9523495e-02   3.5210507e-02
   8.9785292e-02   3.5314039e-02
   9.0047856e-02   3.5417879e-02
   9.0311189e-02   3.5522028e-02
   9.0575293e-02   3.5626487e-02
   9.0840171e-02   3.5731257e-02
   9.1105825e-02   3.5836339e-02
   9.1372257e-02   3.5941734e-02
   9.1639469e-02   3.6047443e-02
   9.1907464e-02   3.6153467e-02
   9.2176244e-02   3.6259807e-02
   9.2445811e-02   3.6366463e-02
   9.2716168e-02   3.6473438e-02
   9.2987317e-02   3.6580731e-02
   9.3259260e-02   3.6688344e-02
   9.3532000e-02   3.6796277e-02
   9.3805538e-02   3.6904533e-02
   9.4079879e-02   3.7013111e-02
   9.4355022e-02   3.7122013e-02
   9.4630972e-02   3.7231239e-02
   9.4907730e-02   3.7340792e-02
   9.5185299e-02   3.7450671e-02
   9.5463681e-02   3.7560878e-02
   9.5742879e-02   3.7671414e-02
   9.6022895e-02   3.7782279e-02
   9.6303731e-02   3.7893475e-02
   9.6585390e-02   3.8005004e-02
   9.6867874e-02   3.8116865e-02
   9.7151186e-02   3.8229060e-02
   9.7435328e-02   3.8341590e-02
   9.7720303e-02   3.8454456e-02
   9.8006112e-02   3.8567659e-02
   9.8292759e-02   3.8681200e-02
   9.8580246e-02   3.8795081e-02
   9.8868575e-02   3.8909301e-02
   9.9157749e-02   3.9023863e-02
   9.9447771e-02   3.9138767e-02
   9.9738642e-02   3.9254014e-02
   1.0003037e-01   3.9369606e-02
   1.0032294e-01   3.9485544e-02
   1.0061638e-01   3.9601828e-02
   1.0091068e-01   3.9718460e-02
   1.0120583e-01   3.9835440e-02
   1.0150186e-01   3.9952771e-02
   1.0179875e-01   4.0070452e-02
   1.0209651e-01   4.0188485e-02
   1.0239514e-01   4.0306872e-02
   1.0269465e-01   4.0425613e-02
   1.0299504e-01   4.0544709e-02
   1.0329631e-01   4.0664162e-02
   1.0359846e-01   4.0783972e-02
   1.0390149e-01   4.0904141e-02
   1.0420542e-01   4.1024669e-02
   1.0451023e-01   4.1145559e-02
   1.0481594e-01   4.1266811e-02
   1.0512254e-01   4.1388426e-02
   1.0543005e-01   4.1510405e-02
   1.0573845e-01   4.1632750e-02
   1.0604776e-01   4.1755462e-02
   1.0635797e-01   4.1878541e-02
   1.0666910e-01   4.2001989e-02
   1.0698114e-01   4.2125808e-02
   1.0729409e-01   4.2249997e-02
   1.0760796e-01   4.2374559e-02
   1.0792275e-01   4.2499495e-02
   1.0823846e-01   4.2624806e-02
   1.0855509e-01   4.2750492e-02
   1.0887266e-01   4.2876556e-02
   1.0919116e-01   4.3002998e-02
   1.0951059e-01   4.3129819e-02
   1.0983096e-01   4.3257021e-02
   1.1015226e-01   4.3384605e-02
   1.1047451e-01   4.3512572e-02
   1.1079770e-01   4.3640924e-02
   1.1112185e-01   4.3769661e-02
   1.1144694e-01   4.3898785e-02
   1.1177298e-01   4.4028297e-02
   1.1209998e-01   4.4158198e-02
   1.1242794e-01   4.4288490e-02
   1.1275687e-01   4.4419173e-02
   1.1308675e-01   4.4550249e-02
   1.1341761e-01   4.4681719e-02
   1.1374943e-01   4.4813585e-02
   1.1408223e-01   4.4945847e-02
   1.1441600e-01   4.5078507e-02
   1.1475075e-01   4.5211567e-02
   1.1508649e-01   4.5345027e-02
   1.1542320e-01   4.5478888e-02
   1.1576091e-01   4.5613153e-02
   1.1609961e-01   4.5747822e-02
   1.1643930e-01   4.5882896e-02
   1.1677998e-01   4.6018378e-02
   1.1712167e-01   4.6154267e-02
   1.1746436e-01   4.6290566e-02
   1.1780805e-01   4.6427276e-02
   1.1815275e-01   4.6564397e-02
   1.1849846e-01   4.6701932e-02
   1.1884519e-01   4.6839882e-02
   1.1919294e-01   4.6978248e-02
   1.1954170e-01   4.7117031e-02
   1.1989149e-01   4.7256232e-02
   1.2024230e-01   4.7395854e-02
   1.2059414e-01   4.7535897e-02
   1.2094702e-01   4.7676363e-02
   1.2130093e-01   4.7817252e-02
   1.2165588e-01   4.7958568e-02
   1.2201187e-01   4.8100309e-02
   1.2236890e-01   4.8242479e-02
   1.2272699e-01   4.8385079e-02
   1.2308612e-01   4.8528109e-02
   1.2344631e-01   4.8671572e-02
   1.2380755e-01   4.8815468e-02
   1.2416985e-01   4.8959799e-02
   1.2453322e-01   4.9104567e-02
   1.2489765e-01   4.9249772e-02
   1.2526316e-01   4.9395417e-02
   1.2562973e-01   4.9541502e-02
   1.2599738e-01   4.9688029e-02
   1.2636612e-01   4.9835000e-02
   1.2673593e-01   4.9982416e-02
   1.2710683e-01   5.0130278e-02
   1.2747881e-01   5.0278588e-02
   1.2785189e-01   5.0427347e-02
   1.2822607e-01   5.0576557e-02
   1.2860134e-01   5.0726218e-02
   1.2897771e-01   5.0876334e-02
   1.2935519e-01   5.1026904e-02
   1.2973378e-01   5.1177931e-02
   1.3011347e-01   5.1329416e-02
   1.3049429e-01   5.1481361e-02
   1.3087622e-01   5.1633766e-02
   1.3125927e-01   5.1786634e-02
   1.3164345e-01   5.1939965e-02
   1.3202875e-01   5.2093763e-02
   1.3241519e-01   5.2248027e-02
   1.3280276e-01   5.2402759e-02
   1.3319147e-01   5.2557962e-02
   1.3358132e-01   5.2713636e-02
   1.3397231e-01   5.2869783e-02
   1.3436445e-01   5.3026405e-02
   1.3475775e-01   5.3183503e-02
   1.3515220e-01   5.3341079e-02
   1.3554780e-01   5.3499133e-02
   1.3594457e-01   5.3657669e-02
   1.3634251e-01   5.3816687e-02
   1.3674161e-01   5.3976189e-02
   1.3714189e-01   5.4136176e-02
   1.3754334e-01   5.4296651e-02
   1.3794597e-01   5.4457614e-02
   1.3834978e-01   5.4619068e-02
   1.3875478e-01   5.4781013e-02
   1.3916097e-01   5.4943452e-02
   1.3956835e-01   5.5106386e-02
   1.3997693e-01   5.5269817e-02
   1.4038670e-01   5.5433746e-02
   1.4079769e-01   5.5598175e-02
   1.4120988e-01   5.5763106e-02
   1.4162328e-01   5.5928540e-02
   1.4203789e-01   5.6094479e-02
   1.4245372e-01   5.6260924e-02
   1.4287078e-01   5.6427878e-02
   1.4328906e-01   5.6595342e-02
   1.4370857e-01   5.6763317e-02
   1.4412931e-01   5.6931806e-02
   1.4455129e-01   5.7100810e-02
   1.4497451e-01   5.7270330e-02
   1.4539897e-01   5.7440369e-02
   1.4582468e-01   5.7610927e-02
   1.4625164e-01   5.7782008e-02
   1.4667985e-01   5.7953612e-02
   1.4710933e-01   5.8125741e-02
   1.4754006e-01   5.8298398e-02
   1.4797206e-01   5.8471583e-02
   1.4840534e-01   5.8645299e-02
   1.4883988e-01   5.8819547e-02
   1.4927570e-01   5.8994329e-02
   1.4971281e-01   5.9169646e-02
   1.5015119e-01   5.9345502e-02
   1.5059087e-01   5.9521896e-02
   1.5103184e-01   5.9698832e-02
   1.5147411e-01   5.9876311e-02
   1.5191767e-01   6.0054334e-02
   1.5236254e-01   6.0232904e-02
   1.5280872e-01   6.0412023e-02
   1.5325621e-01   6.0591692e-02
   1.5370501e-01   6.0771912e-02
   1.5415514e-01   6.0952687e-02
   1.5460659e-01   6.1134017e-02
   1.5505936e-01   6.1315905e-02
   1.5551347e-01   6.1498353e-02
   1.5596891e-01   6.1681361e-02
   1.5642570e-01   6.1864933e-02
   1.5688382e-01   6.2049070e-02
   1.5734330e-01   6.2233774e-02
   1.5780412e-01   6.2419047e-02
   1.5826630e-01   6.2604891e-02
   1.5872984e-01   6.2791307e-02
   1.5919474e-01   6.2978298e-02
   1.5966101e-01   6.3165866e-02
   1.6012865e-01   6.3354012e-02
   1.6059767e-01   6.3542739e-02
   1.6106807e-01   6.3732048e-02
   1.6153985e-01   6.3921941e-02
   1.6201302e-01   6.4112421e-02
   1.6248758e-01   6.4303489e-02
   1.6296353e-01   6.4495147e-02
   1.6344089e-01   6.4687398e-02
   1.6391965e-01   6.4880243e-02
   1.6439982e-01   6.5073684e-02
   1.6488141e-01   6.5267724e-02
   1.6536441e-01   6.5462363e-02
   1.6584883e-01   6.5657606e-02
   1.6633468e-01   6.5853453e-02
   1.6682195e-01   6.6049906e-02
   1.6731066e-01   6.6246967e-02
   1.6780081e-01   6.6444640e-02
   1.6829241e-01   6.6642925e-02
   1.6878544e-01   6.6841825e-02
   1.6927994e-01   6.7041341e-02
   1.6977588e-01   6.7241477e-02
   1.7027329e-01   6.7442234e-02
   1.7077216e-01   6.7643613e-02
   1.7127250e-01   6.7845619e-02
   1.7177431e-01   6.8048251e-02
   1.7227760e-01   6.8251513e-02
   1.7278237e-01   6.8455407e-02
   1.7328862e-01   6.8659935e-02
   1.7379637e-01   6.8865099e-02
   1.7430561e-01   6.9070901e-02
   1.7481635e-01   6.9277344e-02
   1.7532860e-01   6.9484429e-02
   1.7584236e-01   6.9692159e-02
   1.7635762e-01   6.9900536e-02
   1.7687441e-01   7.0109563e-02
   1.7739271e-01   7.0319241e-02
   1.7791255e-01   7.0529572e-02
   1.7843391e-01   7.0740560e-02
   1.7895681e-01   7.0952206e-02
   1.7948125e-01   7.1164513e-02
   1.8000724e-01   7.1377482e-02
   1.8053477e-01   7.1591116e-02
   1.8106386e-01   7.1805418e-02
   1.8159451e-01   7.2020390e-02
   1.8212672e-01   7.2236033e-02
   1.8266049e-01   7.2452351e-02
   1.8319584e-01   7.2669346e-02
   1.8373277e-01   7.2887019e-02
   1.8427128e-01   7.3105374e-02
   1.8481138e-01   7.3324413e-02
   1.8535307e-01   7.3544138e-02
   1.8589635e-01   7.3764551e-02
   1.8644124e-01   7.3985656e-02
   1.8698773e-01   7.4207453e-02
   1.8753583e-01   7.4429947e-02
   1.8808555e-01   7.4653138e-02
   1.8863689e-01   7.4877031e-02
   1.8918985e-01   7.5101626e-02
   1.8974445e-01   7.5326926e-02
   1.9030067e-01   7.5552935e-02
   1.9085854e-01   7.5779654e-02
   1.9141805e-01   7.6007086e-02
   1.9197921e-01   7.6235233e-02
   1.9254203e-01   7.6464099e-02
   1.9310651e-01   7.6693684e-02
   1.9367265e-01   7.6923993e-02
   1.9424045e-01   7.7155027e-02
   1.9480994e-01   7.7386790e-02
   1.9538110e-01   7.7619282e-02
   1.9595395e-01   7.7852508e-02
   1.9652848e-01   7.8086470e-02
   1.9710471e-01   7.8321170e-02
   1.9768264e-01   7.8556612e-02
   1.9826228e-01   7.8792796e-02
   1.9884362e-01   7.9029727e-02
   1.9942668e-01   7.9267407e-02
   2.0001146e-01   7.9505838e-02
   2.0059796e-01   7.9745024e-02
   2.0118619e-01   7.9984966e-02
   2.0177616e-01   8.0225668e-02
   2.0220396e-01   8.0400236e-02
   2.0295038e-01   8.0704892e-02
   2.0349203e-01   8.0926022e-02
   2.0403514e-01   8.1147790e-02
   2.0457971e-01   8.1370198e-02
   2.0512574e-01   8.1593249e-02
   2.0567323e-01   8.1816943e-02
   2.0622220e-01   8.2041284e-02
   2.0677264e-01   8.2266273e-02
   2.0732456e-01   8.2491913e-02
   2.0787796e-01   8.2718205e-02
   2.0843284e-01   8.2945151e-02
   2.0898922e-01   8.3172755e-02
   2.0954709e-01   8.3401017e-02
   2.1010646e-01   8.3629941e-02
   2.1066734e-01   8.3859528e-02
   2.1122972e-01   8.4089780e-02
   2.1179361e-01   8.4320700e-02
   2.1235901e-01   8.4552289e-02
   2.1292594e-01   8.4784551e-02
   2.1349439e-01   8.5017486e-02
   2.1406436e-01   8.5251098e-02
   2.1463587e-01   8.5485389e-02
   2.1520891e-01   8.5720360e-02
   2.1578349e-01   8.5956014e-02
   2.1635962e-01   8.6192353e-02
   2.1693730e-01   8.6429380e-02
   2.1751652e-01   8.6667097e-02
   2.1809731e-01   8.6905506e-02
   2.1867965e-01   8.7144608e-02
   2.1926356e-01   8.7384408e-02
   2.1984904e-01   8.7624906e-02
   2.2027347e-01   8.7799283e-02
   2.2101388e-01   8.8103550e-02
   2.2155100e-01   8.8324328e-02
   2.2208942e-01   8.8545693e-02
   2.2262917e-01   8.8767646e-02
   2.2317023e-01   8.8990189e-02
   2.2371262e-01   8.9213323e-02
   2.2425634e-01   8.9437051e-02
   2.2480139e-01   8.9661374e-02
   2.2534777e-01   8.9886294e-02
   2.2589549e-01   9.0111813e-02
   2.2644454e-01   9.0337933e-02
   2.2699495e-01   9.0564655e-02
   2.2754670e-01   9.0791981e-02
   2.2809980e-01   9.1019914e-02
   2.2865425e-01   9.1248454e-02
   2.2921006e-01   9.1477605e-02
   2.2976723e-01   9.1707366e-02
   2.3032576e-01   9.1937741e-02
   2.3088567e-01   9.2168732e-02
   2.3144694e-01   9.2400340e-02
   2.3200958e-01   9.2632566e-02
   2.3257361e-01   9.2865414e-02
   2.3313901e-01   9.3098884e-02
   2.3370580e-01   9.3332979e-02
   2.3427398e-01   9.3567701e-02
   2.3484354e-01   9.3803051e-02
   2.3541451e-01   9.4039031e-02
   2.3598687e-01   9.4275644e-02
   2.3656063e-01   9.4512891e-02
   2.3713579e-01   9.4750774e-02
   2.3771237e-01   9.4989295e-02
   2.3829035e-01   9.5228456e-02
   2.3886976e-01   9.5468259e-02
   2.3945058e-01   9.5708706e-02
   2.4003282e-01   9.5949799e-02
   2.4045480e-01   9.6124567e-02
   2.4119082e-01   9.6429467e-02
   2.4172458e-01   9.6650641e-02
   2.4265599e-01   9.7036700e-02
   2.4333200e-01   9.7316990e-02
   2.4382211e-01   9.7520251e-02
   2.4467717e-01   9.7874966e-02
   2.4529755e-01   9.8132402e-02
   2.4574722e-01   9.8319039e-02
   2.4653158e-01   9.8644678e-02
   2.4710049e-01   9.8880931e-02
   2.4809331e-01   9.9293361e-02
   2.4881400e-01   9.9592853e-02
   2.4933658e-01   9.9810070e-02
   2.5024836e-01   1.0018918e-01
   2.5090998e-01   1.0046437e-01
   2.5138960e-01   1.0066390e-01
   2.5222628e-01   1.0101208e-01
   2.5283320e-01   1.0126472e-01
   2.5327306e-01   1.0144786e-01
   2.5404025e-01   1.0176736e-01
   2.5459660e-01   1.0199912e-01
   2.5556740e-01   1.0240367e-01
   2.5627197e-01   1.0269737e-01
   2.5678277e-01   1.0291036e-01
   2.5767392e-01   1.0328205e-01
   2.5832046e-01   1.0355179e-01
   2.5878907e-01   1.0374736e-01
   2.5960647e-01   1.0408857e-01
   2.6019931e-01   1.0433611e-01
   2.6123389e-01   1.0476826e-01
   2.6198487e-01   1.0508206e-01
   2.6252938e-01   1.0530966e-01
   2.6347942e-01   1.0570687e-01
   2.6416878e-01   1.0599520e-01
   2.6466849e-01   1.0620426e-01
   2.6554020e-01   1.0656906e-01
   2.6617252e-01   1.0683376e-01
   2.6663077e-01   1.0702563e-01
   2.6743002e-01   1.0736038e-01
   2.6800960e-01   1.0760320e-01
   2.6902092e-01   1.0802704e-01
   2.6975487e-01   1.0833474e-01
   2.7028695e-01   1.0855788e-01
   2.7121521e-01   1.0894728e-01
   2.7188865e-01   1.0922989e-01
   2.7237675e-01   1.0943477e-01
   2.7322812e-01   1.0979223e-01
   2.7384558e-01   1.1005156e-01
   2.7492309e-01   1.1050428e-01
   2.7570520e-01   1.1083302e-01
   2.7627227e-01   1.1107145e-01
   2.7726165e-01   1.1148757e-01
   2.7797953e-01   1.1178961e-01
   2.7849990e-01   1.1200861e-01
   2.7940762e-01   1.1239075e-01
   2.8006604e-01   1.1266803e-01
   2.8054320e-01   1.1286903e-01
   2.8137540e-01   1.1321968e-01
   2.8197887e-01   1.1347404e-01
   2.8303183e-01   1.1391801e-01
   2.8379597e-01   1.1424033e-01
   2.8434993e-01   1.1447406e-01
   2.8531633e-01   1.1488195e-01
   2.8601741e-01   1.1517796e-01
   2.8652553e-01   1.1539256e-01
   2.8741181e-01   1.1576698e-01
   2.8805457e-01   1.1603861e-01
   2.8917620e-01   1.1651280e-01
   2.8999029e-01   1.1685712e-01
   2.9058054e-01   1.1710684e-01
   2.9161033e-01   1.1754268e-01
   2.9235750e-01   1.1785903e-01
   2.9289909e-01   1.1808840e-01
   2.9384381e-01   1.1848863e-01
   2.9452904e-01   1.1877904e-01
   2.9502562e-01   1.1898954e-01
   2.9589167e-01   1.1935679e-01
   2.9651967e-01   1.1962318e-01
   2.9761540e-01   1.2008815e-01
   2.9841055e-01   1.2042570e-01
   2.9898697e-01   1.2067048e-01
   2.9999254e-01   1.2109765e-01
   3.0072200e-01   1.2140764e-01
   3.0125069e-01   1.2163237e-01
   3.0217281e-01   1.2202448e-01
   3.0284154e-01   1.2230893e-01
   3.0400846e-01   1.2280551e-01
   3.0485539e-01   1.2316607e-01
   3.0546943e-01   1.2342757e-01
   3.0654070e-01   1.2388396e-01
   3.0731795e-01   1.2421523e-01
   3.0788132e-01   1.2445541e-01
   3.0886401e-01   1.2487450e-01
   3.0957676e-01   1.2517858e-01
   3.1009326e-01   1.2539900e-01
   3.1099405e-01   1.2578354e-01
   3.1164722e-01   1.2606246e-01
   3.1278684e-01   1.2654932e-01
   3.1361381e-01   1.2690275e-01
   3.1421328e-01   1.2715904e-01
   3.1525902e-01   1.2760629e-01
   3.1601761e-01   1.2793086e-01
   3.1656738e-01   1.2816615e-01
   3.1752627e-01   1.2857667e-01
   3.1822164e-01   1.2887448e-01
   3.1943503e-01   1.2939437e-01
   3.2031565e-01   1.2977186e-01
   3.2095408e-01   1.3004562e-01
   3.2206790e-01   1.3052342e-01
   3.2287598e-01   1.3087021e-01
   3.2346168e-01   1.3112165e-01
   3.2448331e-01   1.3156038e-01
   3.2522427e-01   1.3187871e-01
   3.2576121e-01   1.3210944e-01
   3.2669762e-01   1.3251198e-01
   3.2737659e-01   1.3280396e-01
   3.2856121e-01   1.3331359e-01
   3.2942078e-01   1.3368355e-01
   3.3004388e-01   1.3395182e-01
   3.3113081e-01   1.3441997e-01
   3.3191924e-01   1.3475969e-01
   3.3249063e-01   1.3500597e-01
   3.3348720e-01   1.3543566e-01
   3.3420988e-01   1.3574737e-01
   3.3547086e-01   1.3629151e-01
   3.3638599e-01   1.3668660e-01
   3.3704943e-01   1.3697312e-01
   3.3820683e-01   1.3747318e-01
   3.3904650e-01   1.3783612e-01
   3.3965508e-01   1.3809926e-01
   3.4071659e-01   1.3855841e-01
   3.4148646e-01   1.3889154e-01
   3.4204432e-01   1.3913301e-01
   3.4301721e-01   1.3955426e-01
   3.4372260e-01   1.3985980e-01
   3.4495329e-01   1.4039310e-01
   3.4584626e-01   1.4078023e-01
   3.4649355e-01   1.4106095e-01
   3.4762265e-01   1.4155081e-01
   3.4844164e-01   1.4190629e-01
   3.4903515e-01   1.4216398e-01
   3.5007030e-01   1.4261357e-01
   3.5082091e-01   1.4293971e-01
   3.5213063e-01   1.4350904e-01
   3.5308108e-01   1.4392240e-01
   3.5377010e-01   1.4422217e-01
   3.5497210e-01   1.4474534e-01
   3.5584409e-01   1.4512504e-01
   3.5647608e-01   1.4540033e-01
   3.5757840e-01   1.4588066e-01
   3.5837782e-01   1.4622916e-01
   3.5895709e-01   1.4648176e-01
   3.5996729e-01   1.4692242e-01
   3.6069971e-01   1.4724203e-01
   3.6197753e-01   1.4779989e-01
   3.6290465e-01   1.4820483e-01
   3.6357667e-01   1.4849845e-01
   3.6474889e-01   1.4901083e-01
   3.6559912e-01   1.4938263e-01
   3.6621526e-01   1.4965215e-01
   3.6728983e-01   1.5012238e-01
   3.6806902e-01   1.5046347e-01
   3.6942854e-01   1.5105890e-01
   3.7041508e-01   1.5149119e-01
   3.7113025e-01   1.5180468e-01
   3.7237783e-01   1.5235178e-01
   3.7328285e-01   1.5274884e-01
   3.7393876e-01   1.5303670e-01
   3.7508276e-01   1.5353897e-01
   3.7591239e-01   1.5390337e-01
   3.7651353e-01   1.5416749e-01
   3.7756184e-01   1.5462824e-01
   3.7832187e-01   1.5496241e-01
   3.7964781e-01   1.5554567e-01
   3.8060981e-01   1.5596904e-01
   3.8130708e-01   1.5627601e-01
   3.8252332e-01   1.5681167e-01
   3.8340545e-01   1.5720035e-01
   3.8404469e-01   1.5748209e-01
   3.8515951e-01   1.5797364e-01
   3.8596785e-01   1.5833020e-01
   3.8737820e-01   1.5895258e-01
   3.8840159e-01   1.5940443e-01
   3.8914343e-01   1.5973209e-01
   3.9043752e-01   1.6030391e-01
   3.9137623e-01   1.6071890e-01
   3.9205654e-01   1.6101974e-01
   3.9324307e-01   1.6154465e-01
   3.9410350e-01   1.6192546e-01
   3.9472694e-01   1.6220147e-01
   3.9581412e-01   1.6268294e-01
   3.9660229e-01   1.6303213e-01
   3.9797731e-01   1.6364159e-01
   3.9897486e-01   1.6408395e-01
   3.9969787e-01   1.6440468e-01
   4.0095899e-01   1.6496434e-01
   4.0187363e-01   1.6537041e-01
   4.0253639e-01   1.6566476e-01
   4.0369224e-01   1.6617828e-01
   4.0453029e-01   1.6655075e-01
   4.0599243e-01   1.6720091e-01
   4.0705334e-01   1.6767289e-01
   4.0782235e-01   1.6801514e-01
   4.0916380e-01   1.6861239e-01
   4.1013683e-01   1.6904581e-01
   4.1084197e-01   1.6936002e-01
   4.1207180e-01   1.6990821e-01
   4.1296359e-01   1.7030590e-01
   4.1360972e-01   1.7059412e-01
   4.1473646e-01   1.7109691e-01
   4.1555328e-01   1.7146153e-01
   4.1697823e-01   1.7209790e-01
   4.1801196e-01   1.7255977e-01
   4.1876116e-01   1.7289464e-01
   4.2006793e-01   1.7347894e-01
   4.2101563e-01   1.7390287e-01
   4.2170233e-01   1.7421015e-01
   4.2289988e-01   1.7474621e-01
   4.2376814e-01   1.7513502e-01
   4.2528293e-01   1.7581365e-01
   4.2638198e-01   1.7630628e-01
   4.2717861e-01   1.7666348e-01
   4.2856820e-01   1.7728681e-01
   4.2957608e-01   1.7773912e-01
   4.3030646e-01   1.7806700e-01
   4.3158027e-01   1.7863905e-01
   4.3250391e-01   1.7905402e-01
   4.3317310e-01   1.7935475e-01
   4.3434001e-01   1.7987934e-01
   4.3518592e-01   1.8025976e-01
   4.3666157e-01   1.8092367e-01
   4.3773201e-01   1.8140549e-01
   4.3850780e-01   1.8175481e-01
   4.3986089e-01   1.8236430e-01
   4.4084213e-01   1.8280648e-01
   4.4155311e-01   1.8312697e-01
   4.4279298e-01   1.8368606e-01
   4.4369187e-01   1.8409154e-01
   4.4526005e-01   1.8479926e-01
   4.4639778e-01   1.8531295e-01
   4.4722241e-01   1.8568541e-01
   4.4866078e-01   1.8633534e-01
   4.4970399e-01   1.8680691e-01
   4.5045995e-01   1.8714874e-01
   4.5177832e-01   1.8774510e-01
   4.5273422e-01   1.8817767e-01
   4.5342676e-01   1.8849115e-01
   4.5463436e-01   1.8903795e-01
   4.5550972e-01   1.8943446e-01
   4.5703669e-01   1.9012640e-01
   4.5814430e-01   1.9062853e-01
   4.5894699e-01   1.9099254e-01
   4.6034696e-01   1.9162765e-01
   4.6136214e-01   1.9208839e-01
   4.6209768e-01   1.9242231e-01
   4.6338035e-01   1.9300480e-01
   4.6431021e-01   1.9342723e-01
   4.6498381e-01   1.9373332e-01
   4.6615828e-01   1.9426718e-01
   4.6700950e-01   1.9465423e-01
   4.6849421e-01   1.9532958e-01
   4.6957097e-01   1.9581957e-01
   4.7035120e-01   1.9617473e-01
   4.7171186e-01   1.9679431e-01
   4.7269838e-01   1.9724369e-01
   4.7341307e-01   1.9756934e-01
   4.7465926e-01   1.9813733e-01
   4.7556254e-01   1.9854918e-01
   4.7713817e-01   1.9926785e-01
   4.7828100e-01   1.9978934e-01
   4.7910918e-01   2.0016737e-01
   4.8055355e-01   2.0082688e-01
   4.8160087e-01   2.0130528e-01
   4.8235967e-01   2.0165199e-01
   4.8368285e-01   2.0225675e-01
   4.8464203e-01   2.0269531e-01
   4.8533684e-01   2.0301306e-01
   4.8654825e-01   2.0356724e-01
   4.8742621e-01   2.0396899e-01
   4.8895749e-01   2.0466996e-01
   4.9006796e-01   2.0517850e-01
   4.9087257e-01   2.0554707e-01
   4.9227572e-01   2.0619003e-01
   4.9329297e-01   2.0665632e-01
   4.9402991e-01   2.0699421e-01
   4.9531483e-01   2.0758352e-01
   4.9624614e-01   2.0801079e-01
   4.9692069e-01   2.0832033e-01
   4.9809669e-01   2.0886012e-01
   4.9894885e-01   2.0925139e-01
   5.0043501e-01   2.0993397e-01
   5.0151257e-01   2.1042907e-01
   5.0229324e-01   2.1078784e-01
   5.0365450e-01   2.1141364e-01
   5.0464123e-01   2.1186741e-01
   5.0535597e-01   2.1219617e-01
   5.0660210e-01   2.1276951e-01
   5.0750516e-01   2.1318513e-01
   5.0815918e-01   2.1348619e-01
   5.0929930e-01   2.1401115e-01
   5.1012536e-01   2.1439161e-01
   5.1156585e-01   2.1505525e-01
   5.1261013e-01   2.1553651e-01
   5.1336659e-01   2.1588522e-01
   5.1468554e-01   2.1649338e-01
   5.1564146e-01   2.1693428e-01
   5.1633380e-01   2.1725368e-01
   5.1754078e-01   2.1781065e-01
   5.1841535e-01   2.1821433e-01
   5.1904868e-01   2.1850671e-01
   5.2015264e-01   2.1901649e-01
   5.2095240e-01   2.1938589e-01
   5.2234692e-01   2.2003017e-01
   5.2335770e-01   2.2049730e-01
   5.2408982e-01   2.2083573e-01
   5.2536621e-01   2.2142591e-01
   5.2629116e-01   2.2185370e-01
   5.2696100e-01   2.2216356e-01
   5.2812867e-01   2.2270385e-01
   5.2897465e-01   2.2309538e-01
   5.2958721e-01   2.2337894e-01
   5.3065490e-01   2.2387328e-01
   5.3142830e-01   2.2423144e-01
   5.3277672e-01   2.2485606e-01
   5.3375395e-01   2.2530887e-01
   5.3446170e-01   2.2563687e-01
   5.3569549e-01   2.2620881e-01
   5.3658945e-01   2.2662332e-01
   5.3723679e-01   2.2692354e-01
   5.3836514e-01   2.2744694e-01
   5.3918254e-01   2.2782619e-01
   5.4060775e-01   2.2848762e-01
   5.4164071e-01   2.2896716e-01
   5.4238887e-01   2.2931455e-01
   5.4369317e-01   2.2992032e-01
   5.4463830e-01   2.3035939e-01
   5.4532272e-01   2.3067741e-01
   5.4651577e-01   2.3123188e-01
   5.4738009e-01   2.3163368e-01
   5.4800591e-01   2.3192465e-01
   5.4909668e-01   2.3243190e-01
   5.4988676e-01   2.3279939e-01
   5.5126422e-01   2.3344026e-01
   5.5226243e-01   2.3390480e-01
   5.5298533e-01   2.3424130e-01
   5.5424552e-01   2.3482801e-01
   5.5515855e-01   2.3525319e-01
   5.5581967e-01   2.3556112e-01
   5.5697202e-01   2.3609796e-01
   5.5780675e-01   2.3648693e-01
   5.5841109e-01   2.3676857e-01
   5.5946436e-01   2.3725954e-01
   5.6022719e-01   2.3761519e-01
   5.6155703e-01   2.3823534e-01
   5.6252060e-01   2.3868479e-01
   5.6321835e-01   2.3901032e-01
   5.6443460e-01   2.3957786e-01
   5.6531568e-01   2.3998910e-01
   5.6595361e-01   2.4028689e-01
   5.6706545e-01   2.4080602e-01
   5.6787076e-01   2.4118211e-01
   5.6845374e-01   2.4145440e-01
   5.6946973e-01   2.4192903e-01
   5.7020548e-01   2.4227281e-01
   5.7148802e-01   2.4287220e-01
   5.7241719e-01   2.4330655e-01
   5.7308997e-01   2.4362110e-01
   5.7426261e-01   2.4416946e-01
   5.7511199e-01   2.4456674e-01
   5.7572692e-01   2.4485441e-01
   5.7679861e-01   2.4535584e-01
   5.7757474e-01   2.4571906e-01
   5.7813657e-01   2.4598202e-01
   5.7911562e-01   2.4644034e-01
   5.7982456e-01   2.4677227e-01
   5.8106026e-01   2.4735096e-01
   5.8195539e-01   2.4777024e-01
   5.8260346e-01   2.4807386e-01
   5.8373296e-01   2.4860311e-01
   5.8455101e-01   2.4898651e-01
   5.8514320e-01   2.4926409e-01
   5.8617521e-01   2.4974791e-01
   5.8692252e-01   2.5009833e-01
   5.8746345e-01   2.5035201e-01
   5.8840603e-01   2.5079412e-01
   5.8908849e-01   2.5111428e-01
   5.9027797e-01   2.5167240e-01
   5.9113952e-01   2.5207674e-01
   5.9176322e-01   2.5236950e-01
   5.9285018e-01   2.5287980e-01
   5.9363734e-01   2.5324942e-01
   5.9420712e-01   2.5351700e-01
   5.9520002e-01   2.5398337e-01
   5.9591896e-01   2.5432112e-01
   5.9643930e-01   2.5456560e-01
   5.9734597e-01   2.5499167e-01
   5.9800237e-01   2.5530017e-01
   5.9914636e-01   2.5583794e-01
   5.9997487e-01   2.5622749e-01
   6.0057460e-01   2.5650952e-01
   6.0161974e-01   2.5700107e-01
   6.0237653e-01   2.5735708e-01
   6.0292429e-01   2.5761479e-01
   6.0387877e-01   2.5806393e-01
   6.0456981e-01   2.5838916e-01
   6.0577422e-01   2.5895611e-01
   6.0664653e-01   2.5936682e-01
   6.0727801e-01   2.5966418e-01
   6.0837848e-01   2.6018249e-01
   6.0917539e-01   2.6055790e-01
   6.0975221e-01   2.6082967e-01
   6.1075736e-01   2.6130332e-01
   6.1148512e-01   2.6164632e-01
   6.1201184e-01   2.6189460e-01
   6.1292960e-01   2.6232727e-01
   6.1359401e-01   2.6264055e-01
   6.1475191e-01   2.6318663e-01
   6.1559045e-01   2.6358218e-01
   6.1619743e-01   2.6386854e-01
   6.1725516e-01   2.6436764e-01
   6.1802104e-01   2.6472909e-01
   6.1857536e-01   2.6499074e-01
   6.1954124e-01   2.6544673e-01
   6.2024052e-01   2.6577691e-01
   6.2074659e-01   2.6601589e-01
   6.2162833e-01   2.6643234e-01
   6.2226661e-01   2.6673385e-01
   6.2337891e-01   2.6725937e-01
   6.2418434e-01   2.6763999e-01
   6.2476732e-01   2.6791552e-01
   6.2578316e-01   2.6839572e-01
   6.2651864e-01   2.6874345e-01
   6.2705092e-01   2.6899515e-01
   6.2797836e-01   2.6943377e-01
   6.2864975e-01   2.6975134e-01
   6.2981979e-01   2.7030490e-01
   6.3066707e-01   2.7070584e-01
   6.3128037e-01   2.7099610e-01
   6.3234906e-01   2.7150199e-01
   6.3312285e-01   2.7186835e-01
   6.3368287e-01   2.7213354e-01
   6.3465868e-01   2.7259569e-01
   6.3536511e-01   2.7293032e-01
   6.3587634e-01   2.7317252e-01
   6.3676706e-01   2.7359456e-01
   6.3741181e-01   2.7390012e-01
   6.3853536e-01   2.7443268e-01
   6.3934891e-01   2.7481838e-01
   6.3993773e-01   2.7509758e-01
   6.4096374e-01   2.7558417e-01
   6.4170655e-01   2.7593652e-01
   6.4224412e-01   2.7619155e-01
   6.4318076e-01   2.7663597e-01
   6.4385878e-01   2.7695774e-01
   6.4434942e-01   2.7719062e-01
   6.4520423e-01   2.7759640e-01
   6.4582294e-01   2.7789015e-01
   6.4690105e-01   2.7840212e-01
   6.4768163e-01   2.7877287e-01
   6.4824655e-01   2.7904123e-01
   6.4923086e-01   2.7950890e-01
   6.4994342e-01   2.7984752e-01
   6.5045908e-01   2.8009260e-01
   6.5135748e-01   2.8051966e-01
   6.5200777e-01   2.8082884e-01
   6.5314095e-01   2.8136770e-01
   6.5396143e-01   2.8175795e-01
   6.5455525e-01   2.8204045e-01
   6.5558994e-01   2.8253276e-01
   6.5633901e-01   2.8288924e-01
   6.5688110e-01   2.8314726e-01
   6.5782558e-01   2.8359689e-01
   6.5850925e-01   2.8392241e-01
   6.5900397e-01   2.8415800e-01
   6.5986586e-01   2.8456851e-01
   6.6048969e-01   2.8486567e-01
   6.6157668e-01   2.8538358e-01
   6.6236364e-01   2.8575862e-01
   6.6293317e-01   2.8603008e-01
   6.6392549e-01   2.8650315e-01
   6.6464382e-01   2.8684567e-01
   6.6516363e-01   2.8709356e-01
   6.6606927e-01   2.8752553e-01
   6.6672477e-01   2.8783824e-01
   6.6786700e-01   2.8838327e-01
   6.6869399e-01   2.8877798e-01
   6.6929251e-01   2.8906369e-01
   6.7033536e-01   2.8956161e-01
   6.7109031e-01   2.8992214e-01
   6.7163663e-01   2.9018308e-01
   6.7258848e-01   2.9063779e-01
   6.7327745e-01   2.9096700e-01
   6.7377600e-01   2.9120524e-01
   6.7464454e-01   2.9162037e-01
   6.7527315e-01   2.9192088e-01
   6.7636846e-01   2.9244461e-01
   6.7716141e-01   2.9282385e-01
   6.7773526e-01   2.9309835e-01
   6.7873508e-01   2.9357671e-01
   6.7945881e-01   2.9392305e-01
   6.7998252e-01   2.9417370e-01
   6.8089492e-01   2.9461047e-01
   6.8155530e-01   2.9492666e-01
   6.8270599e-01   2.9547774e-01
   6.8353908e-01   2.9587682e-01
   6.8414200e-01   2.9616568e-01
   6.8519248e-01   2.9666910e-01
   6.8595291e-01   2.9703360e-01
   6.8650320e-01   2.9729741e-01
   6.8746192e-01   2.9775712e-01
   6.8815585e-01   2.9808994e-01
   6.8865796e-01   2.9833079e-01
   6.8953271e-01   2.9875047e-01
   6.9016579e-01   2.9905426e-01
   6.9126886e-01   2.9958370e-01
   6.9206740e-01   2.9996708e-01
   6.9264528e-01   3.0024456e-01
   6.9365209e-01   3.0072812e-01
   6.9438086e-01   3.0107821e-01
   6.9490820e-01   3.0133158e-01
   6.9582690e-01   3.0177308e-01
   6.9649183e-01   3.0209269e-01
   6.9697292e-01   3.0232397e-01
   6.9781103e-01   3.0272695e-01
   6.9841755e-01   3.0301865e-01
   6.9947430e-01   3.0352697e-01
   7.0023925e-01   3.0389503e-01
   7.0079278e-01   3.0416141e-01
   7.0175714e-01   3.0462559e-01
   7.0245513e-01   3.0496164e-01
   7.0296017e-01   3.0520483e-01
   7.0384000e-01   3.0562857e-01
   7.0447674e-01   3.0593530e-01
   7.0558616e-01   3.0646986e-01
   7.0638926e-01   3.0685693e-01
   7.0697043e-01   3.0713709e-01
   7.0798295e-01   3.0762530e-01
   7.0871582e-01   3.0797875e-01
   7.0924612e-01   3.0823456e-01
   7.1016996e-01   3.0868029e-01
   7.1083857e-01   3.0900295e-01
   7.1200356e-01   3.0956530e-01
   7.1284693e-01   3.0997253e-01
   7.1345725e-01   3.1026728e-01
   7.1452058e-01   3.1078095e-01
   7.1529027e-01   3.1115286e-01
   7.1584722e-01   3.1142203e-01
   7.1681751e-01   3.1189107e-01
   7.1751976e-01   3.1223062e-01
   7.1802788e-01   3.1247635e-01
   7.1891305e-01   3.1290451e-01
   7.1955363e-01   3.1321444e-01
   7.2066973e-01   3.1375457e-01
   7.2147764e-01   3.1414566e-01
   7.2206226e-01   3.1442872e-01
   7.2308079e-01   3.1492200e-01
   7.2381799e-01   3.1527911e-01
   7.2435140e-01   3.1553756e-01
   7.2528065e-01   3.1598790e-01
   7.2595316e-01   3.1631390e-01
   7.2712490e-01   3.1688206e-01
   7.2797313e-01   3.1729348e-01
   7.2858695e-01   3.1759127e-01
   7.2965636e-01   3.1811022e-01
   7.3043041e-01   3.1848596e-01
   7.3099051e-01   3.1875789e-01
   7.3196626e-01   3.1923174e-01
   7.3267245e-01   3.1957477e-01
   7.3318340e-01   3.1982301e-01
   7.3407349e-01   3.2025556e-01
   7.3471762e-01   3.2056865e-01
   7.3583986e-01   3.2111429e-01
   7.3665219e-01   3.2150938e-01
   7.3724000e-01   3.2179533e-01
   7.3826405e-01   3.2229362e-01
   7.3900523e-01   3.2265437e-01
   7.3954150e-01   3.2291545e-01
   7.4047572e-01   3.2337036e-01
   7.4115181e-01   3.2369967e-01
   7.4232977e-01   3.2427359e-01
   7.4318246e-01   3.2468918e-01
   7.4379949e-01   3.2498998e-01
   7.4487448e-01   3.2551418e-01
   7.4565254e-01   3.2589371e-01
   7.4621553e-01   3.2616838e-01
   7.4719630e-01   3.2664702e-01
   7.4790609e-01   3.2699351e-01
   7.4841964e-01   3.2724425e-01
   7.4931424e-01   3.2768114e-01
   7.4996162e-01   3.2799739e-01
   7.5108950e-01   3.2854852e-01
   7.5190589e-01   3.2894757e-01
   7.5249661e-01   3.2923638e-01
   7.5352573e-01   3.2973967e-01
   7.5427054e-01   3.3010404e-01
   7.5480944e-01   3.3036773e-01
   7.5574822e-01   3.3082719e-01
   7.5642758e-01   3.3115979e-01
   7.5761122e-01   3.3173945e-01
   7.5846800e-01   3.3215918e-01
   7.5908797e-01   3.3246298e-01
   7.6016806e-01   3.3299241e-01
   7.6094979e-01   3.3337572e-01
   7.6151541e-01   3.3365312e-01
   7.6250077e-01   3.3413652e-01
   7.6321386e-01   3.3448645e-01
   7.6445630e-01   3.3509635e-01
   7.6535567e-01   3.3553802e-01
   7.6600648e-01   3.3585771e-01
   7.6714033e-01   3.3641485e-01
   7.6796100e-01   3.3681825e-01
   7.6855481e-01   3.3711021e-01
   7.6958929e-01   3.3761898e-01
   7.7033796e-01   3.3798730e-01
   7.7087964e-01   3.3825385e-01
   7.7182324e-01   3.3871831e-01
   7.7250608e-01   3.3905452e-01
   7.7369575e-01   3.3964047e-01
   7.7455686e-01   3.4006476e-01
   7.7517996e-01   3.4037185e-01
   7.7626547e-01   3.4090702e-01
   7.7705110e-01   3.4129447e-01
   7.7761953e-01   3.4157488e-01
   7.7860976e-01   3.4206350e-01
   7.7932636e-01   3.4241722e-01
   7.8057489e-01   3.4303371e-01
   7.8147863e-01   3.4348015e-01
   7.8213259e-01   3.4380329e-01
   7.8327191e-01   3.4436644e-01
   7.8409651e-01   3.4477418e-01
   7.8469315e-01   3.4506928e-01
   7.8573255e-01   3.4558354e-01
   7.8648476e-01   3.4595583e-01
   7.8779535e-01   3.4660473e-01
   7.8874406e-01   3.4707466e-01
   7.8943058e-01   3.4741483e-01
   7.9062664e-01   3.4800768e-01
   7.9149235e-01   3.4843696e-01
   7.9211875e-01   3.4874766e-01
   7.9321001e-01   3.4928912e-01
   7.9399978e-01   3.4968113e-01
   7.9457119e-01   3.4996483e-01
   7.9556660e-01   3.5045919e-01
   7.9628693e-01   3.5081705e-01
   7.9754193e-01   3.5144079e-01
   7.9845033e-01   3.5189245e-01
   7.9910764e-01   3.5221938e-01
   8.0025277e-01   3.5278913e-01
   8.0108156e-01   3.5320165e-01
   8.0168122e-01   3.5350021e-01
   8.0272586e-01   3.5402048e-01
   8.0348184e-01   3.5439712e-01
   8.0479898e-01   3.5505362e-01
   8.0575240e-01   3.5552904e-01
   8.0644231e-01   3.5587318e-01
   8.0764425e-01   3.5647296e-01
   8.0851419e-01   3.5690724e-01
   8.0914364e-01   3.5722157e-01
   8.1024020e-01   3.5776934e-01
   8.1103378e-01   3.5816592e-01
   8.1241645e-01   3.5885719e-01
   8.1341736e-01   3.5935784e-01
   8.1414165e-01   3.5972026e-01
   8.1540353e-01   3.6035193e-01
   8.1631688e-01   3.6080933e-01
   8.1697776e-01   3.6114041e-01
   8.1812909e-01   3.6171740e-01
   8.1896234e-01   3.6213515e-01
   8.2041417e-01   3.6286339e-01
   8.2146518e-01   3.6339084e-01
   8.2222576e-01   3.6377268e-01
   8.2355088e-01   3.6443824e-01
   8.2451005e-01   3.6492023e-01
   8.2520410e-01   3.6526911e-01
   8.2641324e-01   3.6587716e-01
   8.2728836e-01   3.6631743e-01
   8.2792154e-01   3.6663609e-01
   8.2902459e-01   3.6719141e-01
   8.2982285e-01   3.6759344e-01
   8.3121365e-01   3.6829424e-01
   8.3222040e-01   3.6880178e-01
   8.3294891e-01   3.6916918e-01
   8.3421810e-01   3.6980954e-01
   8.3513673e-01   3.7027323e-01
   8.3580141e-01   3.7060886e-01
   8.3695934e-01   3.7119378e-01
   8.3779734e-01   3.7161727e-01
   8.3925744e-01   3.7235550e-01
   8.4031440e-01   3.7289020e-01
   8.4107925e-01   3.7327728e-01
   8.4241182e-01   3.7395197e-01
   8.4337634e-01   3.7444056e-01
   8.4407425e-01   3.7479422e-01
   8.4529010e-01   3.7541060e-01
   8.4617006e-01   3.7585690e-01
   8.4770328e-01   3.7663495e-01
   8.4881323e-01   3.7719852e-01
   8.4961646e-01   3.7760653e-01
   8.5101590e-01   3.7831773e-01
   8.5202888e-01   3.7883281e-01
   8.5276188e-01   3.7920566e-01
   8.5403887e-01   3.7985551e-01
   8.5496311e-01   3.8032608e-01
   8.5657355e-01   3.8114649e-01
   8.5773945e-01   3.8174079e-01
   8.5858320e-01   3.8217107e-01
   8.6005327e-01   3.8292115e-01
   8.6111742e-01   3.8346442e-01
   8.6188747e-01   3.8385770e-01
   8.6322905e-01   3.8454320e-01
   8.6420007e-01   3.8503962e-01
   8.6589206e-01   3.8590513e-01
   8.6711707e-01   3.8653217e-01
   8.6800362e-01   3.8698619e-01
   8.6954832e-01   3.8777768e-01
   8.7066653e-01   3.8835098e-01
   8.7147573e-01   3.8876604e-01
   8.7288555e-01   3.8948952e-01
   8.7390600e-01   3.9001348e-01
   8.7568419e-01   3.9092709e-01
   8.7697166e-01   3.9158903e-01
   8.7790346e-01   3.9206834e-01
   8.7952703e-01   3.9290399e-01
   8.8070240e-01   3.9350933e-01
   8.8155298e-01   3.9394760e-01
   8.8303494e-01   3.9471161e-01
   8.8410766e-01   3.9526495e-01
   8.8597698e-01   3.9622986e-01
   8.8733050e-01   3.9692904e-01
   8.8831014e-01   3.9743535e-01
   8.9001713e-01   3.9831813e-01
   8.9125294e-01   3.9895766e-01
   8.9340673e-01   4.0007312e-01
   8.9496656e-01   4.0088166e-01
   8.9609570e-01   4.0146730e-01
   8.9806340e-01   4.0248861e-01
   8.9948823e-01   4.0322873e-01
   9.0051952e-01   4.0376473e-01
   9.0231657e-01   4.0469933e-01
   9.0361764e-01   4.0537647e-01
   9.0588526e-01   4.0655761e-01
   9.0752763e-01   4.0741386e-01
   9.0871657e-01   4.0803411e-01
   9.1078855e-01   4.0911585e-01
   9.1228898e-01   4.0989985e-01
   9.1490444e-01   4.1126776e-01
   9.1679922e-01   4.1225979e-01
   9.1817113e-01   4.1297861e-01
   9.2056229e-01   4.1423257e-01
   9.2229426e-01   4.1514170e-01
   9.2531381e-01   4.1672845e-01
   9.2750196e-01   4.1787971e-01
   9.3131816e-01   4.1989032e-01
   9.3408526e-01   4.2135043e-01
   9.3891323e-01   4.2390250e-01
   9.4241656e-01   4.2575795e-01
   9.4495611e-01   4.2710484e-01
   9.4679566e-01   4.2808148e-01
   9.5000295e-01   4.2978624e-01
   9.5232734e-01   4.3102330e-01
   9.5401074e-01   4.3192005e-01
   9.5522933e-01   4.3256964e-01
   9.5735296e-01   4.3370254e-01
   9.5889072e-01   4.3452359e-01
   9.6157119e-01   4.3595616e-01
   9.6351296e-01   4.3699504e-01
   9.6491883e-01   4.3774779e-01
   9.6736916e-01   4.3906093e-01
   9.6914389e-01   4.4001295e-01
   9.7042865e-01   4.4070262e-01
   9.7266768e-01   4.4190552e-01
   9.7428911e-01   4.4277738e-01
   9.7546275e-01   4.4340888e-01
   9.7750796e-01   4.4451014e-01
   9.7898880e-01   4.4530815e-01
   9.8006057e-01   4.4588606e-01
   9.8192810e-01   4.4689373e-01
   9.8328012e-01   4.4762378e-01
   9.8425855e-01   4.4815238e-01
   9.8596333e-01   4.4907396e-01
   9.8719736e-01   4.4974151e-01
   9.8934788e-01   4.5090572e-01
   9.9090506e-01   4.5174944e-01
   9.9203214e-01   4.5236048e-01
   9.9399610e-01   4.5342599e-01
   9.9541800e-01   4.5419801e-01
   9.9644705e-01   4.5475704e-01
   9.9824007e-01   4.5573172e-01
   9.9953805e-01   4.5643779e-01
