4.2102e-05
7.4986e-06
4.2718e-06
1.766e-06
7.1811e-07
3.4976e-07
1.0616e-07
5.5678e-08
2.5723e-08
1.2754e-08
2.7645e-09
1.4818e-09
6.5671e-10
4.2249e-10
1.3157e-10
7.0236e-11
2.1377e-11
0.00011349
3.5373e-05
1.442e-05
6.3101e-06
3.6825e-06
1.1969e-06
3.4151e-07
1.0652e-07
8.5827e-08
2.8016e-08
8.2238e-09
2.693e-09
1.6389e-09
7.0444e-10
1.2975e-10
5.9449e-11
0.00042587
0.00014532
5.5201e-05
1.4639e-05
9.7263e-06
2.5244e-06
4.9964e-07
2.079e-07
3.7397e-08
3.6479e-08
6.801e-09
1.4326e-09
5.2964e-10
2.1819e-10
0.0013753
0.00047305
0.00017823
4.7723e-05
1.1115e-05
8.3003e-06
1.4378e-06
1.8836e-07
8.6847e-08
1.9617e-08
1.2129e-08
2.3262e-09
5.1172e-10
