0.0042102
0.0010605
0.00038928
0.00013931
2.1481e-05
1.194e-05
1.6397e-06
7.7195e-07
7.0489e-08
4.5444e-08
6.4545e-09
1.5322e-09
0.01711
0.011176
0.010965
0.003518
0.0017108
0.00078367
0.00029379
0.00016131
5.0762e-05
9.0968e-05
1.1137e-05
1.0098e-05
2.352e-06
1.3811e-06
2.4714e-07
5.1694e-08
7.7994e-09
0.1279
0.063241
0.037865
0.03376
0.014863
0.025729
0.012926
0.026072
0.0051346
0.010287
0.0009176
0.0022948
0.0001728
0.00010463
2.1199e-05
5.8609e-06
6.293e-07
7.002e-08
1.2984
0.76379
0.87439
0.72285
0.28216
0.51896
0.21109
0.14186
0.04296
0.070535
0.0085917
0.010589
0.001176
0.00052657
5.9604e-05
1.0883e-05
1.3978e-06
1.7187e-07
