0.0021051
0.00037493
0.00030206
9.3547e-05
1.9251e-05
8.6109e-06
2.2741e-06
7.6948e-07
2.0985e-07
4.2184e-08
1.1679e-08
2.5441e-09
1.0379e-09
0.008555
0.0055878
0.0054824
0.0017587
0.00090696
0.00044878
8.6278e-05
4.3093e-05
1.2919e-05
4.2835e-06
1.5062e-06
2.7326e-07
6.0155e-08
1.0872e-08
2.2697e-09
0.063949
0.031621
0.018931
0.01688
0.010502
0.014396
0.0062467
0.0020026
0.00060887
0.00010545
2.0082e-05
4.2222e-06
1.3538e-06
2.6997e-07
4.7269e-08
0.64919
0.3819
0.4372
0.36142
0.16024
0.072857
0.087353
0.02535
0.0026874
0.00094645
0.00018819
4.2956e-05
1.1264e-05
1.5572e-06
2.0059e-07
