0.0021051
0.00053023
0.00019464
6.9654e-05
1.074e-05
5.9698e-06
8.1985e-07
3.8598e-07
3.5243e-08
2.2718e-08
3.2263e-09
7.6586e-10
0.008555
0.0055878
0.0054824
0.001759
0.00085541
0.00039184
0.0001469
8.0655e-05
2.538e-05
4.5485e-05
5.5632e-06
5.0049e-06
1.1548e-06
6.9749e-07
1.2618e-07
2.5601e-08
3.8694e-09
0.063949
0.031621
0.018932
0.01688
0.0074316
0.012865
0.0064629
0.013036
0.0025674
0.0051434
0.00045879
0.0011474
8.6439e-05
5.1987e-05
1.0579e-05
2.9335e-06
3.1376e-07
3.491e-08
0.64919
0.3819
0.4372
0.36142
0.14108
0.25948
0.10554
0.070933
0.02149
0.035261
0.004296
0.0052927
0.0005856
0.00026224
2.9805e-05
5.1157e-06
7.0352e-07
8.8768e-08
