8.4204e-05
1.4997e-05
8.5435e-06
3.5321e-06
1.4362e-06
6.9951e-07
2.1231e-07
1.1136e-07
5.1445e-08
2.5508e-08
5.529e-09
2.9637e-09
1.3134e-09
8.4498e-10
2.6314e-10
1.4047e-10
4.2753e-11
0.0014549
0.00046594
0.00055552
0.00020466
0.00016908
0.00010508
3.9936e-05
1.9485e-05
1.6332e-05
4.7713e-06
1.106e-06
1.3574e-06
4.9784e-07
2.9205e-07
9.5045e-08
1.1687e-07
1.7489e-08
1.1422e-08
1.1549e-08
4.5648e-09
2.2899e-09
1.591e-09
1.6215e-09
6.0262e-10
0.015125
0.0048
0.0070419
0.0030531
0.0017942
0.0014389
0.00085614
0.00040414
0.00015517
5.992e-05
3.8321e-05
1.3483e-05
4.6739e-06
5.1352e-06
1.7464e-06
1.4147e-06
6.6053e-07
4.4947e-07
4.7703e-07
2.0564e-07
6.1185e-08
4.5903e-08
3.6323e-08
1.0202e-08
0.15175
0.047964
0.071856
0.031856
0.018779
0.0089134
0.010666
0.0046496
0.0017211
0.00041677
0.00017658
0.00021347
5.3509e-05
1.8615e-05
1.3045e-05
1.0332e-05
1.3248e-05
4.6113e-06
1.0749e-06
8.5745e-07
2.5785e-07
3.0512e-07
1.4751e-07
