4.2102e-05
7.4986e-06
6.0412e-06
1.8709e-06
3.8502e-07
1.7222e-07
4.5482e-08
1.539e-08
4.197e-09
8.4368e-10
2.3358e-10
5.089e-11
2.076e-11
0.00011349
3.5373e-05
1.4422e-05
6.4943e-06
4.2027e-06
1.0737e-06
2.367e-07
8.8582e-08
9.0856e-08
1.1253e-08
3.6074e-09
2.0546e-09
1.1127e-09
2.0529e-10
5.4149e-11
0.00042587
0.00014532
5.5201e-05
1.4639e-05
9.7263e-06
2.5245e-06
4.9966e-07
2.0784e-07
3.7413e-08
3.6628e-08
6.6581e-09
1.0118e-09
3.2126e-10
0.0013753
0.00047305
0.00017823
4.7723e-05
1.1115e-05
8.3003e-06
1.4378e-06
1.8836e-07
8.6847e-08
1.9617e-08
1.2129e-08
2.3262e-09
5.1172e-10
