0.0042102
0.00074986
0.00042718
0.0001766
7.1811e-05
3.4976e-05
1.0616e-05
5.5678e-06
2.5723e-06
1.2754e-06
2.7645e-07
1.4818e-07
6.5671e-08
4.2249e-08
1.3157e-08
7.0236e-09
2.1377e-09
0.01711
0.0079024
0.01117
0.0037235
0.0035297
0.0022098
0.0021737
0.00092428
0.0007141
0.00037208
0.0003212
0.00015516
0.00010512
5.3074e-05
4.331e-05
3.0196e-05
2.7382e-05
1.4809e-05
1.2484e-05
5.6136e-06
4.6084e-06
1.8905e-06
1.7744e-06
1.0313e-06
1.1922e-06
6.2916e-07
5.725e-07
2.3435e-07
1.5061e-07
9.3748e-08
4.0144e-08
1.8371e-08
1.0474e-08
0.1279
0.044718
0.027779
0.056914
0.04434
0.048432
0.026804
0.034099
0.025038
0.03394
0.021252
0.025089
0.01606
0.021389
0.014384
0.017964
0.010749
0.012691
0.0076131
0.0091659
0.005359
0.0061141
0.0033843
0.0038264
0.0021686
0.0024939
0.0013931
0.0016102
0.000903
0.00078831
0.00050861
0.00034621
0.00029357
0.00020415
0.00025344
0.00017187
0.00017888
0.00016031
9.5932e-05
9.4519e-05
6.3734e-05
3.7376e-05
3.3746e-05
2.3099e-05
1.7744e-05
1.6067e-05
1.2816e-05
1.0363e-05
9.8916e-06
7.9137e-06
6.653e-06
4.0898e-06
3.3179e-06
1.7978e-06
1.175e-06
5.1244e-07
2.5979e-07
1.8273e-07
1.5249e-07
8.8248e-08
1.2984
0.54008
0.36757
0.67886
0.51915
0.59284
0.34444
0.45897
0.34501
0.48468
0.31727
0.38446
0.24948
0.33651
0.23568
0.31338
0.20195
0.25687
0.17001
0.22983
0.15532
0.20363
0.13239
0.17382
0.11703
0.15754
0.10524
0.14355
0.091976
0.10102
0.084952
0.067788
0.080352
0.060405
0.094971
0.067695
0.093104
0.085487
0.070591
0.087531
0.072726
0.07248
0.070259
0.062099
0.048456
0.049137
0.034825
0.032922
0.026025
0.023529
0.0214
0.013327
0.0098446
0.0057547
0.0077221
0.0070887
0.0053747
0.0028117
0.0020613
0.0015409
0.001038
0.00081635
0.00087227
0.00077513
0.0008644
0.00082202
0.00071486
0.00073769
0.0005487
0.00039308
0.00020167
0.00016435
0.00014661
8.0365e-05
6.1859e-05
2.9016e-05
3.2501e-05
2.1151e-05
1.7154e-05
1.867e-05
1.1292e-05
9.836e-06
8.3555e-06
3.8804e-06
1.1903e-06
