1.2681e-05
1.3785e-06
1.061e-07
1.0109e-08
7.5132e-10
9.712e-11
7.4571e-12
0.0003917
0.00016168
3.6815e-05
1.0458e-05
3.5464e-06
1.1289e-06
3.5642e-07
1.1889e-07
3.5414e-08
1.1378e-08
3.4732e-09
1.0005e-09
3.3279e-10
0.0046561
0.0027685
0.00097353
0.0003217
0.00012345
5.092e-05
2.394e-05
8.7315e-06
3.0718e-06
1.2483e-06
5.5913e-07
2.3545e-07
8.5637e-08
3.2106e-08
1.1899e-08
5.1382e-09
2.202e-09
0.045767
0.025953
0.0084875
0.0032811
0.0013124
0.00056394
0.00023081
8.2242e-05
3.1499e-05
1.409e-05
6.548e-06
2.4877e-06
9.8986e-07
4.4472e-07
1.712e-07
6.6082e-08
2.7389e-08
