8.4204e-05
2.0297e-05
7.9749e-06
2.9642e-06
6.3478e-07
1.9422e-07
4.9306e-08
8.2483e-09
2.1933e-09
5.8338e-10
1.3689e-10
1.768e-11
0.0014549
0.00062628
0.00016402
6.1655e-05
2.2755e-05
5.9526e-06
1.7641e-06
6.0859e-07
1.453e-07
6.1786e-08
1.3102e-08
1.8367e-09
4.2111e-10
0.015125
0.006745
0.0017792
0.00055395
8.77e-05
3.7261e-05
1.7154e-05
2.8481e-06
9.6373e-07
1.5675e-07
4.0932e-08
8.8183e-09
0.15175
0.067786
0.01799
0.0055291
0.00086965
0.00017755
0.00012345
2.151e-05
3.3531e-06
9.2977e-07
2.9919e-07
6.6217e-08
