9.4034e-06
7.1101e-07
2.4254e-07
8.734e-08
2.6872e-08
1.3942e-08
4.5967e-09
1.5336e-09
3.9573e-10
1.3092e-10
7.3886e-11
2.8103e-11
1.04e-11
3.7207e-12
3.9702e-05
1.3665e-06
3.0013e-07
1.5376e-07
5.0537e-08
1.3956e-08
3.7271e-09
1.0095e-09
2.7634e-10
8.2788e-11
2.9017e-11
0.0001308
3.9886e-06
9.8174e-07
2.6775e-07
1.2697e-07
3.3375e-08
1.2048e-08
5.4002e-09
1.3897e-09
3.0079e-10
9.7495e-11
0.0004154
1.2524e-05
3.1332e-06
8.1749e-07
2.7776e-07
7.3745e-08
2.5311e-08
1.3901e-08
2.6399e-09
4.2672e-10
1.4178e-10
