1.8807e-05
1.422e-06
4.8509e-07
1.7468e-07
5.3745e-08
2.7885e-08
9.1933e-09
3.0672e-09
7.9145e-10
2.6183e-10
1.4777e-10
5.6207e-11
2.0801e-11
7.4414e-12
0.00013989
4.6658e-06
1.1312e-06
6.3999e-07
1.7986e-07
5.563e-08
1.2864e-08
3.5659e-09
9.386e-10
3.023e-10
1.0281e-10
0.0013419
4.0937e-05
1.139e-05
2.9517e-06
1.4921e-06
3.8769e-07
1.4014e-07
5.951e-08
1.5874e-08
3.0474e-09
1.0083e-09
0.01336
0.00040481
0.00011389
2.6846e-05
9.8149e-06
2.4136e-06
9.0186e-07
4.1241e-07
8.9021e-08
1.3803e-08
4.7049e-09
