8.4204e-05
2.1209e-05
7.7857e-06
2.7861e-06
4.2962e-07
2.3879e-07
3.2794e-08
1.5439e-08
1.4097e-09
9.089e-10
1.2909e-10
3.0655e-11
0.0014549
0.00065894
0.00016784
5.2507e-05
6.743e-06
6.6626e-06
1.4085e-06
4.9719e-07
1.3518e-07
6.1423e-08
1.4897e-08
3.9655e-09
1.6102e-09
2.9376e-10
0.015125
0.0067883
0.0017848
0.00040397
4.8913e-05
2.728e-05
3.8604e-06
5.993e-06
3.0998e-07
3.4242e-07
2.6264e-08
1.4759e-08
0.15175
0.067831
0.018009
0.0040307
0.0004491
0.0001644
1.8742e-05
1.499e-05
4.266e-06
7.0443e-07
4.1331e-07
4.6463e-08
