0.0021051
0.00037493
0.00021359
8.8302e-05
3.5906e-05
1.7488e-05
5.3078e-06
2.7839e-06
1.2861e-06
6.3771e-07
1.3822e-07
7.4092e-08
3.2836e-08
2.1125e-08
6.5786e-09
3.5118e-09
1.0688e-09
0.008555
0.0039512
0.0055851
0.0018618
0.0017648
0.0011049
0.0010868
0.00046214
0.00035705
0.00018604
0.0001606
7.7581e-05
5.256e-05
2.6537e-05
2.1655e-05
1.5098e-05
1.3691e-05
7.4043e-06
6.2419e-06
2.8068e-06
2.3042e-06
9.4527e-07
8.8719e-07
5.1565e-07
5.961e-07
3.1458e-07
2.8625e-07
1.1717e-07
7.5305e-08
4.6874e-08
2.0072e-08
9.1854e-09
5.2369e-09
0.063949
0.022359
0.01389
0.028457
0.02217
0.024216
0.013402
0.01705
0.012519
0.01697
0.010626
0.012544
0.00803
0.010694
0.0071921
0.0089821
0.0053747
0.0063454
0.0038066
0.004583
0.0026795
0.003057
0.0016921
0.0019132
0.0010843
0.001247
0.00069654
0.0008051
0.0004515
0.00039415
0.00025431
0.0001731
0.00014679
0.00010208
0.00012672
8.5933e-05
8.944e-05
8.0155e-05
4.7966e-05
4.7259e-05
3.1867e-05
1.8688e-05
1.6873e-05
1.155e-05
8.8719e-06
8.0336e-06
6.4081e-06
5.1817e-06
4.9458e-06
3.9568e-06
3.3265e-06
2.0449e-06
1.6589e-06
8.9889e-07
5.875e-07
2.5622e-07
1.299e-07
9.1365e-08
7.6247e-08
4.4124e-08
0.64919
0.27004
0.18378
0.33943
0.25957
0.29642
0.17222
0.22949
0.17251
0.24234
0.15864
0.19223
0.12474
0.16826
0.11784
0.15669
0.10097
0.12843
0.085004
0.11492
0.077658
0.10181
0.066194
0.086909
0.058517
0.078771
0.052618
0.071773
0.045988
0.05051
0.042476
0.033894
0.040176
0.030202
0.047485
0.033847
0.046552
0.042743
0.035295
0.043765
0.036363
0.03624
0.035129
0.03105
0.024228
0.024568
0.017413
0.016461
0.013012
0.011764
0.0107
0.0066635
0.0049223
0.0028774
0.0038611
0.0035443
0.0026873
0.0014059
0.0010306
0.00077047
0.00051902
0.00040817
0.00043614
0.00038756
0.0004322
0.00041101
0.00035743
0.00036884
0.00027435
0.00019654
0.00010083
8.2176e-05
7.3304e-05
4.0182e-05
3.0929e-05
1.4508e-05
1.6251e-05
1.0575e-05
8.5769e-06
9.3349e-06
5.6459e-06
4.918e-06
4.1777e-06
1.9402e-06
5.9516e-07
