4.2102e-05
1.0605e-05
3.8928e-06
1.3931e-06
2.1481e-07
1.194e-07
1.6397e-08
7.7195e-09
7.0491e-10
4.5437e-10
6.4528e-11
1.5313e-11
0.00011349
5.0025e-05
1.5077e-05
5.4255e-06
1.2555e-06
2.2991e-07
6.6352e-08
1.0738e-08
4.2446e-09
5.3255e-10
1.169e-10
2.2579e-11
0.00042587
0.00020551
5.2885e-05
1.3822e-05
2.3763e-06
2.9628e-07
4.2039e-07
1.3105e-08
1.2021e-08
6.1048e-10
1.363e-10
0.0013753
0.00066899
0.00016888
2.8507e-05
9.7511e-06
1.6814e-06
1.76e-07
8.9083e-08
8.0416e-09
2.8953e-09
2.3597e-10
