0.00047017
3.5551e-05
1.2127e-05
4.367e-06
1.3436e-06
6.9712e-07
2.2983e-07
7.668e-08
1.9786e-08
6.5458e-09
3.6943e-09
1.4052e-09
5.2e-10
1.8603e-10
0.00088857
0.00011767
9.5652e-05
5.1916e-05
2.5718e-05
1.0048e-05
5.2812e-06
2.1011e-06
7.9887e-07
2.5306e-07
9.6427e-08
3.7126e-08
1.3303e-08
3.1871e-09
7.0805e-10
0.0037034
0.0011658
0.00040827
0.00020436
0.00015074
0.00011384
5.4059e-05
2.8633e-05
1.1308e-05
3.4565e-06
1.4432e-06
3.9137e-07
1.0687e-07
3.326e-08
1.294e-08
4.7803e-09
1.3025e-09
0.028725
0.0072348
0.0033339
0.0013387
0.002221
0.00054352
0.00034979
0.00013825
7.2616e-05
3.9336e-05
2.0514e-05
5.2221e-06
1.6767e-06
6.6001e-07
1.7275e-07
3.1501e-08
6.4883e-09
