0.00094034
7.1101e-05
2.4254e-05
8.734e-06
2.6872e-06
1.3942e-06
4.5967e-07
1.5336e-07
3.9573e-08
1.3092e-08
7.3886e-09
2.8103e-09
1.04e-09
3.7205e-10
0.0017771
0.00023535
0.0001913
0.00010383
5.1436e-05
2.0096e-05
1.0562e-05
4.2022e-06
1.5977e-06
5.0613e-07
1.9285e-07
7.4251e-08
2.6606e-08
6.3742e-09
1.4161e-09
0.0074068
0.0023316
0.00081654
0.00040871
0.00030148
0.00022767
0.00010812
5.7267e-05
2.2615e-05
6.913e-06
2.8864e-06
7.8274e-07
2.1375e-07
6.6519e-08
2.5881e-08
9.5605e-09
2.605e-09
0.057449
0.01447
0.0066678
0.0026773
0.004442
0.001087
0.00069958
0.00027651
0.00014523
7.8672e-05
4.1029e-05
1.0444e-05
3.3534e-06
1.32e-06
3.455e-07
6.3002e-08
1.2977e-08
