0.0042102
0.0010148
0.00039874
0.00014821
3.1739e-05
9.7111e-06
2.4653e-06
4.1241e-07
1.0967e-07
2.9169e-08
6.8444e-09
8.8384e-10
0.01711
0.011176
0.010965
0.003518
0.0018278
0.00088627
0.00017189
8.6435e-05
3.3695e-05
7.0302e-06
2.2455e-06
4.7716e-07
7.8205e-08
6.9386e-09
0.1279
0.063241
0.037865
0.03376
0.02102
0.028748
0.012565
0.0033809
0.0012126
0.00027679
2.8861e-05
1.2012e-05
1.1337e-06
1.2109e-07
1.2984
0.76379
0.87439
0.72285
0.32049
0.14571
0.17471
0.050703
0.0063655
0.0017666
0.00035362
3.5499e-05
4.2224e-06
4.3901e-07
