0.0098742
0.0099597
0.010185
0.010525
0.010994
0.011397
0.01234
0.01279
0.014124
0.014366
0.015217
0.016244
0.016607
0.01838
0.018798
0.020487
0.020954
0.023545
0.024856
0.025443
0.026275
0.029855
0.031655
0.0318
0.037415
0.042054
0.04681
0.053486
0.092625
0.15149
0.15463
0.16469
0.17894
0.19251
0.19408
0.20608
0.20936
0.21278
0.21363
0.2182
0.22652
0.23103
0.23243
0.24005
0.24097
0.24341
0.24751
0.24877
0.25162
0.25562
0.25822
0.25921
0.26272
0.2656
0.26807
0.26892
0.33801
0.33822
0.33834
0.33839
0.33842
0.33847
0.33851
0.33853
0.33868
0.33868
0.33869
0.3387
0.33872
0.33874
0.349
0.34976
0.35021
0.35072
0.3511
0.35139
0.35155
0.3576
0.36202
0.36693
0.37122
0.37143
0.37178
0.37225
0.37276
0.37317
0.37716
0.38474
0.39054
0.39431
0.39633
0.43923
0.44078
0.44234
0.44263
0.44267
0.44274
0.4429
0.44313
0.44336
0.44352
0.44459
0.44639
0.44771
0.44848
0.45587
0.45625
0.45647
0.45678
0.45716
0.45756
0.45786
0.45807
0.45826
0.45872
0.45907
0.46022
0.4605
0.46252
0.46258
0.46489
0.46555
0.46715
0.46847
0.46877
0.47035
0.51426
0.51461
0.51495
0.51521
0.51545
0.51584
0.51599
0.51619
0.51644
0.51676
0.51701
0.51704
0.51726
0.51738
0.55803
0.56575
0.56747
0.56958
0.5715
0.57292
0.57375
0.58562
0.58735
0.58846
0.59235
0.59646
0.59953
0.59999
0.60235
0.6025
0.60328
0.60699
0.61217
0.617
0.62042
0.65324
0.6557
0.65604
0.6561
0.65617
0.65629
0.65638
0.65647
0.65666
0.6567
0.65687
0.65698
0.65736
0.65785
0.69167
0.69494
0.69979
0.70118
0.7054
0.70588
0.70945
0.71529
0.71551
0.71814
0.72545
0.72647
0.72748
0.73052
0.73614
0.73965
0.74349
0.74865
0.7499
0.75169
0.75652
0.98241
0.98275
0.98691
0.99273
0.99337
0.99868
1.002
1.0042
1.0059
1.012
1.0123
1.0159
1.0177
1.0185
1.0773
1.2198
1.2299
1.2343
1.2656
1.2702
1.2872
1.3117
1.3131
1.3359
1.3652
1.3739
1.3858
1.4004
1.4107
1.4131
1.4147
1.4201
1.4256
1.4438
1.4492
1.4505
1.4646
1.4663
1.4769
1.482
1.4826
1.4871
1.4921
1.4991
1.5091
1.5136
1.5178
1.5306
1.5417
1.5517
1.5596
1.6305
1.7967
1.8902
1.9752
1.9871
2.0299
2.0353
2.0924
2.1612
2.3908
2.6147
2.6309
2.6614
2.6709
2.7099
2.7711
2.827
2.8609
3.0832
3.2006
3.378
3.5405
3.7617
3.9989
4.206
4.3428
4.7568
4.8913
5.1003
5.3523
5.6024
5.8025
5.9134
8.0879
8.2419
8.453
8.6723
8.8599
8.9869
10.465
11.713
13.292
13.666
14.172
14.701
15.156
15.46
