0.0039857
0.004035
0.0040603
0.0041626
0.0042136
0.0042388
0.0044499
0.0045037
0.0045287
0.0048365
0.004894
0.004919
0.0053075
0.0053697
0.0053947
0.0058449
0.0059124
0.0059376
0.0064279
0.0065013
0.0065271
0.0070344
0.0071138
0.0071405
0.0076409
0.0077265
0.0077547
0.0082243
0.0083158
0.0083463
0.0087625
0.0088593
0.0088933
0.0092348
0.0093363
0.0093756
0.0096234
0.0097292
0.0097764
0.0099132
0.0099329
0.0099617
0.010027
0.010081
0.010093
0.010176
0.010199
0.010213
0.010256
0.010278
0.010287
0.010782
0.011048
0.011623
0.01198
0.012433
0.012744
0.014107
0.01445
0.014809
0.017141
0.017595
0.017993
0.020548
0.02228
0.022652
0.024649
0.025177
0.02733
0.028906
0.029432
0.029922
0.032532
0.034836
0.036539
0.037327
0.038276
0.040559
0.041528
0.043778
0.045143
0.045355
0.048377
0.050195
0.053901
0.057424
0.060703
0.066948
0.068496
0.068885
0.072402
0.07531
0.082466
0.090254
0.096738
0.10855
0.11817
0.15284
0.19514
0.20945
0.22754
0.24582
0.25163
0.28083
0.30529
0.31265
0.34563
0.37347
0.37866
0.41083
0.44132
0.44962
0.46937
0.49431
0.51556
0.53178
0.53261
0.54509
0.55269
0.61289
0.72503
0.84228
0.93825
1.0366
1.133
1.2253
1.3116
1.3903
1.4606
1.5215
1.5728
1.6143
1.6462
1.6686
1.682
