1.0072
1.0143
1.0149
1.0153
1.0155
1.0155
1.0155
1.0155
1.0181
1.0181
1.0182
1.0182
1.0186
1.0186
1.0188
1.0189
1.0189
1.0191
1.0191
1.0192
1.0212
1.025
1.0253
1.0258
1.0267
1.0274
1.0278
1.0285
1.0285
1.0286
1.029
1.0291
1.0298
1.0307
1.0307
1.0442
1.0442
1.0443
1.0443
1.0455
1.0455
1.0596
1.0596
1.0612
1.0612
1.062
1.062
1.0623
1.0648
1.0656
1.0665
1.067
1.0675
1.0683
1.0703
1.071
1.0818
1.0818
1.082
1.0822
1.0823
1.0826
1.0828
1.0831
1.0831
1.0832
1.0833
1.0835
1.0835
1.0839
1.0841
1.0843
1.0844
1.0846
1.0848
1.085
1.0858
1.0911
1.0911
1.0911
1.0912
1.0912
1.0912
1.0912
1.0912
1.0913
1.0914
1.0914
1.0914
1.0915
1.0915
1.0915
1.0915
1.0915
1.0915
1.0915
1.0915
1.0915
1.0915
1.0918
1.0919
1.0919
1.0922
1.0928
1.0956
1.0956
1.0959
1.0959
1.096
1.096
1.0985
1.1002
1.1043
1.1043
1.1043
1.1043
1.1047
1.1047
1.1223
1.1223
1.1241
1.1243
1.1243
1.1245
1.1248
1.1248
1.1261
1.1264
1.1269
1.1273
1.1281
1.1284
1.1335
1.1335
1.1335
1.1335
1.1335
1.1335
1.1336
1.1338
1.1338
1.1338
1.1338
1.1338
1.1338
1.1338
1.1338
1.1338
1.1338
1.1338
1.1339
1.1339
1.1348
1.137
1.1407
1.1408
1.1408
1.1411
1.1411
1.1416
1.1416
1.1457
1.146
1.1479
1.1484
1.1576
1.1635
1.1635
1.1755
1.1777
1.1777
1.1778
1.1808
1.1808
1.1831
1.1951
1.1952
1.1952
1.1952
1.1952
1.1953
1.1953
1.1983
1.1992
1.1993
1.1995
1.1995
1.1998
1.2134
1.2206
1.2217
1.2217
1.2376
1.2554
1.2643
1.2643
1.2735
1.2735
1.2748
1.2758
1.306
1.306
1.308
1.3173
1.3381
1.356
1.3767
1.4844
1.4844
1.4891
1.4891
1.4917
1.4917
3.6303
4.068
4.068
5.3626
5.3626
5.905
6.2717
6.5877
6.9821
8.5859
8.5859
11.547
