1,9.0372e-06,0.0053805,0.0033322,0.010185,0.015786,0.14498,0.11558,4.7113,1.1697,1.3149,8.3709,5.3951,19.709,48.779
2,1.3984e-05,0.0060981,0.0089952,0.11437,0.023297,1.2101,0.32671,3.8795,2.8292,6.2238,3.1098,5.6312,10.079,88.478
3,6.9622e-05,0.0047974,0.046146,1.6145,1.6638,26.728,6.7167,9.5271,7.4981,5.7977,7.169,7.8859,50.511,11.717
4,3.3389e-06,0.00059126,0.0029068,0.008126,0.052786,0.2516,0.035469,0.35616,2.5399,2.9835,4.1554,2.3331,52.723,81.804
5,5.3558e-05,0.008585,0.0036256,0.063298,0.021918,0.1722,0.46542,2.8102,2.4286,1.9923,13.288,5.7202,11.14,86.358
6,2.2572e-05,0.0026547,0.035503,0.16264,0.34538,2.3604,0.62383,8.3809,5.4153,8.7645,2.873,1.4593,35.515,26.138
7,7.4507e-06,0.038749,1.3069,0.44466,0.17643,6.7491,4.2124,29.78,9.4027,11.35,7.1064,3.9377,85.509,31.498
8,1.0978e-06,0.0004713,0.010926,0.018509,0.12451,2.4839,1.6706,11.28,7.8746,6.5387,16.623,8.9418,14.098,128.54
9,6.9252e-05,0.0020484,0.026467,0.02194,0.0033521,0.082029,0.19812,2.8204,2.4765,9.6505,6.2686,17.612,15.21,87.491
10,0.00012963,0.034936,0.89385,0.47987,12.661,4.5399,4.6735,7.4792,8.3539,3.0815,4.6508,10.26,74.764,175.17
11,2.046e-05,0.016557,0.030937,0.037437,3.3851,0.034805,0.95241,2.4711,1.9367,2.5023,25.862,4.8061,23.019,71.345
12,1.0478e-05,0.00031249,0.0023009,0.00085307,0.0074191,0.0012253,0.0073428,0.10619,0.032684,0.15561,5.2262,6.4732,10.21,31.115
13,2.3861e-06,2.2265e-06,1.5393e-05,0.00010287,0.00011727,0.00082538,0.00081905,0.0072342,0.029573,0.081027,0.039302,3.9035,17.586,19.239
14,0.027581,0.092968,0.2221,1.6579,15.71,8.4534,18.999,16.892,13.779,32.253,252.51,3015.8,271.54,6011.2
15,2.0782e-07,0.00058942,0.0062585,0.010171,0.0014711,0.00061277,0.043755,0.12921,6.0278,3.1508,2.7848,33.41,14.351,61.971
16,3.3451e-05,0.0024034,0.035259,0.039464,0.010037,0.045926,0.083225,0.58327,1.4403,1.9011,7.9501,39.653,19.203,33.606
17,0.00037206,0.0082444,0.031959,0.037102,0.030982,0.14818,0.50104,0.87665,0.74899,3.4809,21.263,15.511,43.92,46.974
18,3.624e-06,0.00064766,0.0019735,0.0065563,0.0039465,0.0066452,0.050914,0.29527,0.28655,1.2507,7.6236,9.4821,29.504,80.819
19,5.6758e-05,0.0046804,0.11577,0.011149,0.13818,0.073487,4.6119,1.2129,4.8288,4.2957,3.6066,13.833,15.181,288.64
20,4.7102e-06,0.0007767,0.002017,0.029866,0.00048161,0.010577,2.1966,0.8841,3.8522,5.4941,2.3973,5.7132,13.057,141.19
21,6.4526e-05,0.0027359,0.0050912,0.031795,0.10041,0.094097,3.8209,1.0365,2.7842,2.6709,3.885,6.7031,11.561,84.026
22,5.0248e-05,0.065453,0.002207,0.039166,0.10194,0.32526,6.5589,8.895,4.5368,2.9345,10.007,18.266,20.076,115.36
23,2.5336e-06,0.0015339,0.0070363,0.0031576,0.020777,0.058306,0.45088,3.3851,2.9291,4.3666,7.138,17.728,22.549,31.539
24,3.6963e-06,0.0043552,0.0026473,0.047769,0.051182,0.3326,0.73327,0.88957,1.7078,2.3724,25.694,18.874,18.416,38.543
25,7.967e-06,0.0034414,0.031572,0.0017856,0.15326,0.073427,0.2312,1.3996,5.2423,2.4516,14.966,6.508,33.985,62.849
26,5.744e-06,0.00056306,0.025205,0.0010497,0.022721,0.036171,0.44567,0.37841,9.8113,0.95045,6.591,9.4009,22.88,106.46
27,0.0070427,0.001651,0.014698,0.02107,0.15993,0.095607,0.94492,0.68519,9.2381,3.1429,18.686,6.9666,31.213,2365.5
28,0.00029242,0.0022057,0.0022772,0.01859,0.0059789,0.05469,0.025877,0.21485,0.48083,0.44581,6.5154,15.13,8.7039,81.291
29,2.9337e-05,0.016066,0.00091135,0.0076219,0.0016676,0.0075858,0.094208,0.19621,0.21274,0.93356,8.2745,18.385,10.383,262.17
30,6.7642e-06,0.0025756,0.001246,0.012576,0.0034284,0.075786,0.25511,0.67876,1.6737,1.8061,8.8345,30.996,23.502,1553.9
31,8.2595e-06,0.004926,0.0080577,0.015635,0.016564,0.021808,0.17573,1.2994,0.34405,2.5216,12.146,6.2414,10.476,936.85
32,3.7629e-06,0.00045594,0.0030741,0.0093351,0.042043,0.098919,0.22184,0.63963,1.3207,3.5133,27.907,9.8141,9.9574,830.56
33,4.6265e-05,0.0011686,0.0029906,0.0017283,0.0060581,0.22617,0.10437,0.27122,0.52424,1.3095,15.598,13.673,14.233,742.31
34,0.00063683,0.014474,0.32884,0.020962,3.4071,6.0974,4.2688,3.2345,14.739,9.3153,498.12,4527.2,18861,34677
35,0.00011921,0.018033,0.036388,0.11116,0.024007,0.35207,0.096676,0.13704,0.45036,0.70895,47.313,151.52,456.9,1227.7
36,3.8062e-08,1.4863e-05,2.9136e-05,1.5968e-05,8.0455e-06,0.00046441,0.00031957,0.00067493,0.00081924,0.0067626,11.814,181.08,8227.8,2.4032e+07
