0.35657
0.19077
0.15863
0.13544
0.13469
0.1256
0.12113
0.10251
0.10053
0.087261
0.079623
0.071831
0.070002
0.065625
0.055348
0.045368
0.0407
0.037206
0.032789
0.032573
0.031057
0.028211
0.024223
0.024305
0.023717
0.023162
0.023459
0.022311
0.022039
0.022113
0.020489
0.020331
0.019468
0.019012
0.018204
0.017468
0.016706
0.01583
0.015786
0.01543
0.014516
0.014147
0.013635
0.013313
0.012533
0.0128
0.011334
0.01076
0.010682
0.010333
0.0097997
0.0022762
0.0024638
0.0095306
0.0039491
0.0040423
0.0091606
0.004527
0.0090929
0.0012362
0.0053878
0.0087429
0.0059788
0.0063323
0.0082811
0.0075587
0.0077801
0.0082325
0.0085034
0.0010293
0.0055223
0.0056949
0.0056103
0.0066223
0.0070628
0.0061378
0.0069725
0.0080326
0.006865
0.0074028
0.00051027
0.00026001
0.0001506
2.2472e-05
-1.1393e-16
5.7568e-17
5.6309e-17
-3.1674e-17
-2.9541e-17
2.6201e-17
2.5755e-17
-2.0306e-17
1.1363e-17
1.3032e-17
-1.1483e-17
5.3818e-18
-1.5185e-17
-1.3504e-17
-1.3042e-17
3.6041e-18
1.2219e-17
-8.2523e-18
1.5083e-17
1.3316e-17
1.3227e-17
8.569e-18
1.2343e-17
-1.2196e-17
1.8171e-18
-6.6062e-18
9.3145e-18
1.0215e-17
1.0519e-17
-7.5049e-18
1.0104e-17
-2.466e-18
-9.3434e-18
-8.7074e-18
-9.327e-18
5.2335e-18
-4.0786e-18
-2.6503e-18
-8.5013e-18
6.8798e-18
6.8639e-18
1.8419e-18
8.7536e-18
5.0799e-18
2.533e-19
7.4241e-18
-5.6397e-18
-7.0436e-18
-3.2149e-18
5.7358e-18
-3.4394e-19
-4.9812e-18
6.1122e-18
6.2718e-18
4.155e-18
3.8468e-18
-2.024e-18
2.6516e-18
-6.0271e-18
1.3118e-18
-5.4193e-19
2.8382e-18
3.5849e-18
1.5984e-19
-5.6672e-18
3.89e-18
-4.2425e-18
-4.914e-18
4.5764e-18
-4.3538e-18
-1.8555e-18
2.9517e-18
-7.8194e-19
-1.1777e-18
-2.8753e-18
1.6023e-18
1.2032e-18
2.8614e-19
-3.7723e-18
2.9801e-18
-3.599e-18
-2.213e-18
2.95e-18
1.3855e-18
-2.3318e-18
-2.5003e-18
-3.0842e-19
2.4739e-19
1.6069e-18
1.1551e-18
1.5222e-18
-4.5994e-19
-1.3508e-18
9.2574e-19
1.0227e-19
-1.2521e-18
