1.682
1.6687
1.6464
1.6146
1.5733
1.5223
1.4616
1.3918
1.3134
1.2277
1.136
1.0401
0.94231
0.84615
0.72601
0.63405
0.58519
0.57728
0.56534
0.55651
0.54361
0.52221
0.49762
0.47998
0.46274
0.43364
0.41225
0.39524
0.36363
0.34867
0.32688
0.29482
0.29043
0.2619
0.23831
0.23391
0.21219
0.19115
0.16977
0.15714
0.15099
0.14698
0.14065
0.13715
0.11765
0.13535
0.13437
0.13363
0.13282
0.13188
0.13088
0.12932
0.12997
0.095995
0.089118
0.083471
0.075287
0.072384
0.068258
0.066933
0.064761
0.060504
0.059946
0.053804
0.053183
0.050089
0.045289
0.044982
0.038238
0.037098
0.036415
0.032791
0.02991
0.029581
0.028868
0.028817
0.025191
0.024288
0.023841
0.02346
0.023163
0.022624
0.022057
0.022113
0.020332
0.019539
0.018256
0.018208
0.017591
0.016589
2.2463e-05
0.00014993
0.00026001
0.00050162
0.0010293
0.0011839
0.01583
0.014798
0.014073
0.0022762
0.0022544
0.0025889
0.013636
0.0029484
0.013313
0.003417
0.012477
0.0037752
0.0039491
0.012043
0.011341
0.01103
0.0039857
0.0041324
0.0040349
0.0040602
0.0045031
0.0041626
0.0042134
0.0042386
0.0044497
0.0045283
0.0049427
0.0048362
0.0049178
0.0048929
0.01076
0.010646
0.010423
0.0053068
0.0053441
0.0066831
0.0053718
0.0064274
0.0058443
0.010283
0.010277
0.0070702
0.0070335
0.0058833
0.0065252
0.0059788
0.0064993
0.010204
0.0059173
0.0102
0.0071408
0.010192
0.0053944
0.0086166
0.0085741
0.0076403
0.010109
0.0077204
0.0077596
0.010093
0.010079
0.01003
0.0077413
0.0092343
0.0071334
0.0092936
0.010012
0.0096231
0.0088544
0.009963
0.0082811
0.0059368
0.0099335
0.0082239
0.0088916
0.009724
0.0097173
0.0083442
0.0087622
0.008311
0.0093304
0.0099131
0.0093748
0.0097759
