1,0,0,0,0,0
1.0093,0.0046098,1.0625e-05,2.4489e-08,8.463e-27,3.6811e-264
1.0186,0.0092195,4.25e-05,1.9591e-07,8.6657e-24,4.6638e-234
1.028,0.013829,9.5622e-05,6.6119e-07,4.9966e-22,1.8945e-216
1.0376,0.018439,0.00016999,1.5672e-06,8.8717e-21,5.8995e-204
1.0472,0.023048,0.0002656,3.0608e-06,8.2611e-20,2.8915e-194
1.0569,0.027657,0.00038245,5.2887e-06,5.1141e-19,2.39e-186
1.0667,0.032266,0.00052054,8.3977e-06,2.3886e-18,1.1806e-179
1.0765,0.036874,0.00067985,1.2534e-05,9.0769e-18,7.4153e-174
1.0865,0.041482,0.00086038,1.7845e-05,2.9467e-17,9.6399e-169
1.0966,0.04609,0.0010621,2.4477e-05,8.4482e-17,3.6171e-164
1.1067,0.050697,0.0012851,3.2575e-05,2.1904e-16,4.9661e-160
1.117,0.055303,0.0015292,4.2286e-05,5.2268e-16,2.9724e-156
1.1273,0.059909,0.0017946,5.3755e-05,1.1632e-15,8.8591e-153
1.1378,0.064515,0.0020811,6.7129e-05,2.4395e-15,1.4581e-149
1.1483,0.069119,0.0023887,8.2553e-05,4.8609e-15,1.4384e-146
1.1589,0.073723,0.0027175,0.00010017,9.2633e-15,9.0859e-144
1.1697,0.078326,0.0030675,0.00012013,1.6975e-14,3.879e-141
1.1805,0.082928,0.0034386,0.00014258,3.0045e-14,1.1706e-138
1.1915,0.08753,0.0038307,0.00016765,5.1558e-14,2.5921e-136
1.2025,0.09213,0.004244,0.0001955,8.6051e-14,4.3481e-134
1.2136,0.09673,0.0046783,0.00022627,1.4007e-13,5.6765e-132
1.2249,0.10133,0.0051337,0.0002601,2.2286e-13,5.9036e-130
1.2362,0.10593,0.0056101,0.00029713,3.4733e-13,4.9909e-128
1.2477,0.11052,0.0061076,0.00033751,5.3115e-13,3.4907e-126
1.2592,0.11512,0.006626,0.00038138,7.9823e-13,2.0513e-124
1.2709,0.11971,0.0071654,0.00042889,1.1805e-12,1.0267e-122
1.2826,0.1243,0.0077257,0.00048017,1.7202e-12,4.4301e-121
1.2945,0.12889,0.008307,0.00053536,2.4722e-12,1.6658e-119
1.3065,0.13348,0.0089091,0.00059462,3.5079e-12,5.5111e-118
1.3186,0.13807,0.0095321,0.00065807,4.9185e-12,1.6182e-116
1.3308,0.14266,0.010176,0.00072586,6.8197e-12,4.2501e-115
1.3432,0.14725,0.010841,0.00079813,9.3576e-12,1.0055e-113
1.3556,0.15183,0.011526,0.00087501,1.2715e-11,2.1568e-112
1.3682,0.15641,0.012232,0.00095665,1.7118e-11,4.2186e-111
1.3808,0.16099,0.012959,0.0010432,2.2846e-11,7.5646e-110
1.3936,0.16557,0.013707,0.0011348,3.0242e-11,1.2497e-108
1.4065,0.17015,0.014475,0.0012315,3.9723e-11,1.9104e-107
1.4196,0.17473,0.015264,0.0013335,5.1794e-11,2.7137e-106
1.4327,0.1793,0.016074,0.001441,6.7066e-11,3.5955e-105
1.446,0.18387,0.016904,0.0015541,8.6268e-11,4.459e-104
1.4594,0.18844,0.017755,0.0016729,1.1027e-10,5.1931e-103
1.4729,0.19301,0.018626,0.0017975,1.4012e-10,5.6965e-102
1.4865,0.19757,0.019518,0.0019281,1.7702e-10,5.9023e-101
1.5003,0.20214,0.02043,0.0020648,2.2244e-10,5.7914e-100
1.5142,0.2067,0.021362,0.0022078,2.7805e-10,5.3946e-99
1.5282,0.21126,0.022315,0.0023571,3.4584e-10,4.7811e-98
1.5424,0.21582,0.023288,0.002513,4.2812e-10,4.0403e-97
1.5567,0.22037,0.024282,0.0026755,5.2756e-10,3.262e-96
1.5711,0.22492,0.025295,0.0028448,6.4727e-10,2.5209e-95
1.5856,0.22947,0.026329,0.0030209,7.908e-10,1.868e-94
1.6003,0.23402,0.027383,0.0032041,9.6226e-10,1.3295e-93
1.6151,0.23857,0.028457,0.0033945,1.1664e-09,9.1017e-93
1.6301,0.24311,0.029551,0.0035921,1.4085e-09,6.0028e-92
1.6452,0.24765,0.030665,0.0037972,1.6948e-09,3.8192e-91
1.6604,0.25219,0.0318,0.0040097,2.0323e-09,2.3472e-90
1.6758,0.25672,0.032953,0.00423,2.4288e-09,1.3951e-89
1.6913,0.26126,0.034127,0.004458,2.8933e-09,8.0291e-89
1.707,0.26579,0.035321,0.0046939,3.436e-09,4.4793e-88
1.7228,0.27031,0.036535,0.0049379,4.0681e-09,2.4249e-87
1.7388,0.27484,0.037768,0.00519,4.8027e-09,1.2751e-86
1.7549,0.27936,0.039021,0.0054504,5.6539e-09,6.5189e-86
1.7711,0.28388,0.040293,0.0057191,6.6378e-09,3.2433e-85
1.7875,0.28839,0.041585,0.0059964,7.7725e-09,1.5716e-84
1.8041,0.2929,0.042897,0.0062823,9.078e-09,7.4238e-84
1.8208,0.29741,0.044227,0.0065769,1.0576e-08,3.4209e-83
1.8377,0.30192,0.045578,0.0068804,1.2293e-08,1.539e-82
1.8547,0.30642,0.046948,0.0071929,1.4254e-08,6.764e-82
1.8719,0.31092,0.048337,0.0075145,1.6492e-08,2.9064e-81
1.8892,0.31542,0.049745,0.0078453,1.9038e-08,1.2217e-80
1.9067,0.31991,0.051172,0.0081854,2.1931e-08,5.0267e-80
1.9244,0.3244,0.052619,0.0085349,2.5211e-08,2.0258e-79
1.9422,0.32889,0.054084,0.0088939,2.8923e-08,8.0013e-79
1.9602,0.33337,0.055569,0.0092626,3.3117e-08,3.0988e-78
1.9783,0.33785,0.057073,0.0096411,3.7846e-08,1.1774e-77
1.9966,0.34233,0.058595,0.010029,4.317e-08,4.391e-77
2.0151,0.3468,0.060136,0.010428,4.9154e-08,1.6082e-76
2.0338,0.35127,0.061696,0.010836,5.5869e-08,5.7872e-76
2.0526,0.35574,0.063275,0.011255,6.3392e-08,2.047e-75
2.0716,0.3602,0.064872,0.011684,7.1808e-08,7.1197e-75
2.0908,0.36466,0.066488,0.012123,8.1208e-08,2.4362e-74
2.1102,0.36911,0.068122,0.012572,9.1692e-08,8.2041e-74
2.1297,0.37356,0.069775,0.013033,1.0337e-07,2.7201e-73
2.1495,0.37801,0.071446,0.013504,1.1635e-07,8.8824e-73
2.1694,0.38245,0.073136,0.013986,1.3078e-07,2.8577e-72
2.1895,0.38689,0.074843,0.014478,1.4677e-07,9.0618e-72
2.2098,0.39133,0.076569,0.014982,1.6449e-07,2.833e-71
2.2302,0.39576,0.078313,0.015497,1.841e-07,8.7351e-71
2.2509,0.40019,0.080075,0.016023,2.0576e-07,2.6571e-70
2.2717,0.40461,0.081855,0.01656,2.2967e-07,7.976e-70
2.2928,0.40903,0.083653,0.017108,2.5602e-07,2.3634e-69
2.314,0.41344,0.085468,0.017668,2.8504e-07,6.9149e-69
2.3354,0.41786,0.087302,0.01824,3.1695e-07,1.9982e-68
2.3571,0.42226,0.089153,0.018823,3.5201e-07,5.7045e-68
2.3789,0.42666,0.091021,0.019418,3.9047e-07,1.6093e-67
2.4009,0.43106,0.092907,0.020024,4.3264e-07,4.4874e-67
2.4232,0.43546,0.094811,0.020643,4.7881e-07,1.2371e-66
2.4456,0.43984,0.096732,0.021273,5.2932e-07,3.3723e-66
2.4683,0.44423,0.09867,0.021916,5.8452e-07,9.0932e-66
2.4911,0.44861,0.10063,0.022571,6.4478e-07,2.4257e-65
2.5142,0.45298,0.1026,0.023238,7.105e-07,6.4029e-65
2.5375,0.45736,0.10459,0.023917,7.8211e-07,1.6728e-64
2.561,0.46172,0.10659,0.024608,8.6007e-07,4.3261e-64
2.5847,0.46608,0.10862,0.025312,9.4487e-07,1.1077e-63
2.6087,0.47044,0.11066,0.026029,1.037e-06,2.8089e-63
2.6328,0.47479,0.11271,0.026758,1.137e-06,7.0548e-63
2.6572,0.47914,0.11479,0.0275,1.2456e-06,1.7553e-62
2.6818,0.48348,0.11688,0.028254,1.3632e-06,4.3272e-62
2.7067,0.48782,0.11898,0.029022,1.4905e-06,1.0571e-61
2.7317,0.49215,0.12111,0.029802,1.6283e-06,2.5597e-61
2.757,0.49648,0.12325,0.030595,1.7773e-06,6.1441e-61
2.7826,0.50081,0.1254,0.031401,1.9383e-06,1.4622e-60
2.8083,0.50512,0.12758,0.032221,2.1121e-06,3.4503e-60
2.8343,0.50944,0.12976,0.033053,2.2995e-06,8.0747e-60
2.8606,0.51375,0.13197,0.033899,2.5016e-06,1.8744e-59
2.8871,0.51805,0.13419,0.034758,2.7192e-06,4.3161e-59
2.9138,0.52235,0.13642,0.03563,2.9534e-06,9.8609e-59
2.9408,0.52664,0.13867,0.036516,3.2053e-06,2.2355e-58
2.9681,0.53093,0.14094,0.037415,3.476e-06,5.0293e-58
2.9955,0.53521,0.14322,0.038328,3.7667e-06,1.123e-57
3.0233,0.53949,0.14552,0.039254,4.0788e-06,2.4893e-57
3.0513,0.54376,0.14784,0.040194,4.4135e-06,5.4777e-57
3.0796,0.54802,0.15017,0.041147,4.7723e-06,1.1968e-56
3.1081,0.55229,0.15251,0.042114,5.1566e-06,2.5965e-56
3.1369,0.55654,0.15487,0.043095,5.568e-06,5.5942e-56
3.1659,0.56079,0.15724,0.04409,6.0081e-06,1.1971e-55
3.1952,0.56504,0.15963,0.045099,6.4787e-06,2.5445e-55
3.2248,0.56927,0.16204,0.046122,6.9815e-06,5.373e-55
3.2547,0.57351,0.16446,0.047158,7.5184e-06,1.1272e-54
3.2849,0.57774,0.16689,0.048209,8.0914e-06,2.3495e-54
3.3153,0.58196,0.16934,0.049274,8.7026e-06,4.8666e-54
3.346,0.58618,0.1718,0.050353,9.3541e-06,1.0018e-53
3.377,0.59039,0.17428,0.051446,1.0048e-05,2.0494e-53
3.4083,0.59459,0.17677,0.052553,1.0787e-05,4.1675e-53
3.4398,0.59879,0.17928,0.053674,1.1574e-05,8.4243e-53
3.4717,0.60298,0.1818,0.05481,1.2411e-05,1.6929e-52
3.5038,0.60717,0.18433,0.05596,1.33e-05,3.3823e-52
3.5363,0.61135,0.18688,0.057124,1.4245e-05,6.7192e-52
3.569,0.61553,0.18944,0.058303,1.5248e-05,1.3273e-51
3.6021,0.6197,0.19201,0.059496,1.6314e-05,2.6074e-51
3.6355,0.62386,0.1946,0.060703,1.7444e-05,5.0941e-51
3.6691,0.62802,0.19721,0.061925,1.8642e-05,9.8987e-51
3.7031,0.63218,0.19982,0.063161,1.9912e-05,1.9132e-50
3.7374,0.63632,0.20245,0.064412,2.1257e-05,3.6786e-50
3.772,0.64046,0.2051,0.065678,2.2681e-05,7.036e-50
3.807,0.6446,0.20775,0.066958,2.4188e-05,1.3389e-49
3.8422,0.64872,0.21042,0.068252,2.5782e-05,2.535e-49
3.8778,0.65284,0.2131,0.069562,2.7468e-05,4.7757e-49
3.9137,0.65696,0.2158,0.070886,2.925e-05,8.9527e-49
3.95,0.66107,0.21851,0.072224,3.1132e-05,1.6702e-48
3.9866,0.66517,0.22123,0.073577,3.3119e-05,3.1008e-48
4.0235,0.66927,0.22396,0.074945,3.5216e-05,5.7297e-48
4.0608,0.67336,0.22671,0.076328,3.7429e-05,1.0538e-47
4.0984,0.67744,0.22947,0.077725,3.9762e-05,1.9292e-47
4.1363,0.68152,0.23224,0.079137,4.2221e-05,3.5156e-47
4.1747,0.68559,0.23502,0.080564,4.4812e-05,6.3777e-47
4.2133,0.68966,0.23781,0.082005,4.7541e-05,1.1519e-46
4.2523,0.69372,0.24062,0.083461,5.0414e-05,2.0712e-46
4.2917,0.69777,0.24344,0.084932,5.3437e-05,3.708e-46
4.3315,0.70181,0.24627,0.086418,5.6617e-05,6.6101e-46
4.3716,0.70585,0.24911,0.087919,5.9961e-05,1.1733e-45
4.4121,0.70988,0.25197,0.089434,6.3476e-05,2.074e-45
4.453,0.71391,0.25483,0.090964,6.7169e-05,3.651e-45
4.4942,0.71793,0.25771,0.092509,7.1047e-05,6.4005e-45
4.5358,0.72194,0.2606,0.094069,7.512e-05,1.1175e-44
4.5778,0.72595,0.2635,0.095644,7.9393e-05,1.9434e-44
4.6202,0.72995,0.26641,0.097233,8.3877e-05,3.3663e-44
4.663,0.73394,0.26933,0.098837,8.8579e-05,5.8082e-44
4.7062,0.73792,0.27227,0.10046,9.3509e-05,9.9827e-44
4.7498,0.7419,0.27521,0.10209,9.8675e-05,1.7092e-43
4.7938,0.74588,0.27817,0.10374,0.00010409,2.9153e-43
4.8382,0.74984,0.28113,0.1054,0.00010975,4.9539e-43
4.883,0.7538,0.28411,0.10708,0.00011569,8.387e-43
4.9282,0.75775,0.28709,0.10877,0.0001219,1.4147e-42
4.9739,0.7617,0.29009,0.11048,0.00012839,2.3778e-42
5.02,0.76563,0.2931,0.1122,0.00013519,3.982e-42
5.0665,0.76956,0.29611,0.11394,0.00014229,6.6451e-42
5.1134,0.77349,0.29914,0.11569,0.00014971,1.105e-41
5.1607,0.7774,0.30218,0.11746,0.00015747,1.8312e-41
5.2085,0.78131,0.30523,0.11924,0.00016557,3.0242e-41
5.2568,0.78522,0.30828,0.12103,0.00017403,4.9774e-41
5.3055,0.78911,0.31135,0.12284,0.00018286,8.1646e-41
5.3546,0.793,0.31443,0.12467,0.00019207,1.3348e-40
5.4042,0.79688,0.31751,0.12651,0.00020169,2.1751e-40
5.4543,0.80076,0.32061,0.12836,0.00021171,3.5328e-40
5.5048,0.80462,0.32371,0.13023,0.00022216,5.7195e-40
5.5558,0.80848,0.32682,0.13212,0.00023305,9.2301e-40
5.6072,0.81234,0.32995,0.13401,0.0002444,1.4848e-39
5.6592,0.81618,0.33308,0.13593,0.00025622,2.3812e-39
5.7116,0.82002,0.33622,0.13785,0.00026852,3.8068e-39
5.7645,0.82385,0.33937,0.13979,0.00028134,6.0673e-39
5.8179,0.82768,0.34252,0.14175,0.00029467,9.6406e-39
5.8718,0.83149,0.34569,0.14372,0.00030854,1.5273e-38
5.9262,0.8353,0.34887,0.1457,0.00032298,2.4122e-38
5.981,0.8391,0.35205,0.1477,0.00033798,3.7988e-38
6.0364,0.8429,0.35524,0.14972,0.00035358,5.9649e-38
6.0923,0.84669,0.35844,0.15174,0.00036979,9.3391e-38
6.1488,0.85047,0.36165,0.15378,0.00038664,1.458e-37
6.2057,0.85424,0.36486,0.15584,0.00040413,2.2698e-37
6.2632,0.858,0.36809,0.15791,0.0004223,3.5235e-37
6.3212,0.86176,0.37132,0.15999,0.00044117,5.4546e-37
6.3798,0.86551,0.37456,0.16209,0.00046075,8.4207e-37
6.4389,0.86925,0.3778,0.1642,0.00048106,1.2964e-36
6.4985,0.87299,0.38106,0.16633,0.00050214,1.9905e-36
6.5587,0.87672,0.38432,0.16847,0.000524,3.048e-36
6.6194,0.88044,0.38759,0.17062,0.00054666,4.6549e-36
6.6807,0.88415,0.39086,0.17279,0.00057016,7.0902e-36
6.7426,0.88786,0.39414,0.17497,0.0005945,1.0771e-35
6.8051,0.89155,0.39743,0.17717,0.00061973,1.6322e-35
6.8681,0.89524,0.40073,0.17938,0.00064586,2.4668e-35
6.9317,0.89893,0.40403,0.1816,0.00067293,3.7188e-35
6.9959,0.9026,0.40734,0.18383,0.00070095,5.5922e-35
7.0607,0.90627,0.41066,0.18608,0.00072995,8.3882e-35
7.1261,0.90993,0.41398,0.18835,0.00075997,1.2551e-34
7.1921,0.91358,0.41731,0.19062,0.00079102,1.8734e-34
7.2587,0.91722,0.42065,0.19291,0.00082315,2.7894e-34
7.326,0.92086,0.42399,0.19522,0.00085637,4.1433e-34
7.3938,0.92449,0.42734,0.19753,0.00089072,6.1397e-34
7.4623,0.92811,0.43069,0.19986,0.00092623,9.0764e-34
7.5314,0.93172,0.43405,0.20221,0.00096293,1.3386e-33
7.6012,0.93533,0.43742,0.20456,0.0010008,1.9697e-33
7.6716,0.93893,0.44079,0.20693,0.00104,2.8915e-33
7.7426,0.94251,0.44417,0.20932,0.0010805,4.235e-33
7.8144,0.9461,0.44755,0.21171,0.0011222,6.1887e-33
7.8867,0.94967,0.45094,0.21412,0.0011654,9.0233e-33
7.9598,0.95324,0.45433,0.21654,0.0012099,1.3127e-32
8.0335,0.9568,0.45773,0.21898,0.0012558,1.9054e-32
8.1079,0.96035,0.46113,0.22142,0.0013032,2.7597e-32
8.183,0.96389,0.46454,0.22388,0.0013521,3.9884e-32
8.2588,0.96743,0.46796,0.22636,0.0014025,5.7516e-32
8.3353,0.97095,0.47137,0.22884,0.0014545,8.2764e-32
8.4125,0.97447,0.4748,0.23134,0.0015081,1.1884e-31
8.4904,0.97798,0.47823,0.23385,0.0015633,1.7029e-31
8.5691,0.98149,0.48166,0.23637,0.0016202,2.435e-31
8.6484,0.98498,0.4851,0.23891,0.0016789,3.4745e-31
8.7285,0.98847,0.48854,0.24145,0.0017393,4.9477e-31
8.8094,0.99195,0.49198,0.24401,0.0018015,7.0311e-31
8.891,0.99542,0.49543,0.24658,0.0018655,9.9716e-31
8.9733,0.99889,0.49889,0.24917,0.0019315,1.4113e-30
9.0564,1.0023,0.50234,0.25176,0.0019994,1.9935e-30
9.1403,1.0058,0.50581,0.25437,0.0020692,2.8103e-30
9.225,1.0092,0.50927,0.25699,0.0021411,3.954e-30
9.3104,1.0127,0.51274,0.25962,0.002215,5.5523e-30
9.3966,1.0161,0.51622,0.26226,0.002291,7.7816e-30
9.4837,1.0195,0.51969,0.26491,0.0023692,1.0885e-29
9.5715,1.0229,0.52317,0.26758,0.0024496,1.5197e-29
9.6602,1.0263,0.52666,0.27026,0.0025323,2.1177e-29
9.7496,1.0297,0.53014,0.27294,0.0026172,2.9455e-29
9.84,1.0331,0.53363,0.27564,0.0027045,4.0893e-29
9.9311,1.0365,0.53713,0.27836,0.0027942,5.6667e-29
10.023,1.0398,0.54062,0.28108,0.0028863,7.8382e-29
10.116,1.0432,0.54412,0.28381,0.002981,1.0822e-28
10.21,1.0465,0.54762,0.28655,0.0030781,1.4915e-28
10.304,1.0499,0.55113,0.28931,0.0031779,2.0519e-28
10.4,1.0532,0.55464,0.29208,0.0032803,2.8178e-28
10.496,1.0565,0.55815,0.29485,0.0033854,3.8627e-28
10.593,1.0599,0.56166,0.29764,0.0034933,5.2859e-28
10.691,1.0632,0.56517,0.30044,0.003604,7.2208e-28
10.79,1.0665,0.56869,0.30325,0.0037176,9.847e-28
10.89,1.0698,0.57221,0.30607,0.003834,1.3405e-27
10.991,1.0731,0.57573,0.3089,0.0039535,1.8218e-27
11.093,1.0763,0.57925,0.31174,0.0040759,2.4717e-27
11.196,1.0796,0.58278,0.31459,0.0042015,3.3478e-27
11.299,1.0829,0.58631,0.31745,0.0043302,4.527e-27
11.404,1.0861,0.58984,0.32032,0.0044621,6.1112e-27
11.51,1.0894,0.59337,0.3232,0.0045973,8.2364e-27
11.616,1.0926,0.5969,0.32609,0.0047358,1.1082e-26
11.724,1.0958,0.60043,0.32899,0.0048776,1.4888e-26
11.832,1.0991,0.60397,0.3319,0.005023,1.9968e-26
11.942,1.1023,0.60751,0.33482,0.0051718,2.6738e-26
12.053,1.1055,0.61105,0.33775,0.0053242,3.5747e-26
12.164,1.1087,0.61459,0.34069,0.0054802,4.7716e-26
12.277,1.1119,0.61813,0.34364,0.0056399,6.3593e-26
12.391,1.1151,0.62167,0.3466,0.0058033,8.4621e-26
12.505,1.1182,0.62521,0.34956,0.0059706,1.1243e-25
12.621,1.1214,0.62876,0.35254,0.0061417,1.4915e-25
12.738,1.1245,0.6323,0.35552,0.0063168,1.9756e-25
12.856,1.1277,0.63585,0.35852,0.0064959,2.6128e-25
12.975,1.1308,0.63939,0.36152,0.006679,3.4504e-25
13.095,1.134,0.64294,0.36453,0.0068663,4.5497e-25
13.217,1.1371,0.64649,0.36756,0.0070579,5.9905e-25
13.339,1.1402,0.65003,0.37059,0.0072536,7.8758e-25
13.463,1.1433,0.65358,0.37362,0.0074538,1.0339e-24
13.587,1.1464,0.65713,0.37667,0.0076583,1.3554e-24
13.713,1.1495,0.66068,0.37972,0.0078673,1.7742e-24
13.84,1.1526,0.66423,0.38279,0.0080809,2.3191e-24
13.968,1.1557,0.66777,0.38586,0.0082991,3.0271e-24
14.098,1.1587,0.67132,0.38894,0.0085219,3.9456e-24
14.228,1.1618,0.67487,0.39203,0.0087496,5.1356e-24
14.36,1.1648,0.67842,0.39512,0.008982,6.6751e-24
14.493,1.1679,0.68197,0.39823,0.0092193,8.6642e-24
14.627,1.1709,0.68552,0.40134,0.0094617,1.1231e-23
14.763,1.1739,0.68906,0.40446,0.009709,1.4537e-23
14.9,1.177,0.69261,0.40758,0.0099615,1.8792e-23
15.038,1.18,0.69616,0.41072,0.010219,2.4259e-23
15.177,1.183,0.6997,0.41386,0.010482,3.1274e-23
15.317,1.186,0.70325,0.41701,0.01075,4.0265e-23
15.459,1.1889,0.70679,0.42017,0.011024,5.1772e-23
15.602,1.1919,0.71033,0.42333,0.011303,6.6479e-23
15.747,1.1949,0.71388,0.4265,0.011588,8.5253e-23
15.893,1.1978,0.71742,0.42968,0.011878,1.0919e-22
16.04,1.2008,0.72096,0.43286,0.012174,1.3966e-22
16.189,1.2037,0.7245,0.43606,0.012476,1.7841e-22
16.339,1.2067,0.72804,0.43925,0.012783,2.2762e-22
16.49,1.2096,0.73157,0.44246,0.013097,2.9004e-22
16.643,1.2125,0.73511,0.44567,0.013417,3.691e-22
16.797,1.2154,0.73864,0.44889,0.013742,4.6914e-22
16.952,1.2183,0.74218,0.45211,0.014074,5.9554e-22
17.109,1.2212,0.74571,0.45534,0.014412,7.5507e-22
17.268,1.2241,0.74924,0.45858,0.014756,9.5616e-22
17.428,1.227,0.75277,0.46182,0.015107,1.2093e-21
17.589,1.2299,0.75629,0.46507,0.015464,1.5277e-21
17.752,1.2327,0.75982,0.46833,0.015828,1.9275e-21
17.917,1.2356,0.76334,0.47159,0.016198,2.4291e-21
18.082,1.2384,0.76686,0.47485,0.016575,3.0575e-21
18.25,1.2413,0.77038,0.47813,0.016959,3.844e-21
18.419,1.2441,0.7739,0.4814,0.01735,4.8272e-21
18.59,1.2469,0.77741,0.48469,0.017747,6.0547e-21
18.762,1.2497,0.78092,0.48798,0.018152,7.5856e-21
18.936,1.2525,0.78444,0.49127,0.018564,9.4925e-21
19.111,1.2553,0.78794,0.49457,0.018983,1.1865e-20
19.288,1.2581,0.79145,0.49787,0.019409,1.4814e-20
19.467,1.2609,0.79495,0.50118,0.019842,1.8475e-20
19.647,1.2637,0.79845,0.5045,0.020283,2.3015e-20
19.829,1.2665,0.80195,0.50782,0.020731,2.8638e-20
20.012,1.2692,0.80545,0.51114,0.021187,3.5596e-20
20.198,1.272,0.80894,0.51447,0.02165,4.4195e-20
20.385,1.2747,0.81243,0.5178,0.022121,5.4811e-20
20.574,1.2774,0.81592,0.52114,0.0226,6.7903e-20
20.764,1.2802,0.8194,0.52448,0.023087,8.4031e-20
20.957,1.2829,0.82289,0.52783,0.023582,1.0388e-19
21.151,1.2856,0.82637,0.53118,0.024085,1.2827e-19
21.347,1.2883,0.82984,0.53454,0.024595,1.5823e-19
21.544,1.291,0.83331,0.5379,0.025115,1.9497e-19
21.744,1.2937,0.83678,0.54126,0.025642,2.4e-19
21.945,1.2963,0.84025,0.54463,0.026177,2.9511e-19
22.149,1.299,0.84371,0.548,0.026721,3.6251e-19
22.354,1.3017,0.84718,0.55137,0.027274,4.4483e-19
22.561,1.3043,0.85063,0.55475,0.027835,5.4529e-19
22.77,1.307,0.85409,0.55813,0.028405,6.6775e-19
22.981,1.3096,0.85754,0.56152,0.028983,8.1688e-19
23.193,1.3122,0.86098,0.56491,0.02957,9.983e-19
23.408,1.3149,0.86443,0.5683,0.030166,1.2188e-18
23.625,1.3175,0.86787,0.57169,0.030771,1.4865e-18
23.844,1.3201,0.8713,0.57509,0.031385,1.8112e-18
24.065,1.3227,0.87473,0.57849,0.032008,2.2047e-18
24.288,1.3253,0.87816,0.5819,0.03264,2.681e-18
24.513,1.3278,0.88159,0.58531,0.033282,3.257e-18
24.74,1.3304,0.88501,0.58872,0.033933,3.9529e-18
24.969,1.333,0.88843,0.59213,0.034593,4.7929e-18
25.2,1.3355,0.89184,0.59555,0.035263,5.8058e-18
25.433,1.3381,0.89525,0.59896,0.035942,7.0261e-18
25.669,1.3406,0.89865,0.60238,0.03663,8.4947e-18
25.907,1.3432,0.90205,0.60581,0.037329,1.0261e-17
26.147,1.3457,0.90545,0.60923,0.038037,1.2382e-17
26.389,1.3482,0.90884,0.61266,0.038755,1.4928e-17
26.633,1.3507,0.91223,0.61609,0.039483,1.7982e-17
26.88,1.3532,0.91562,0.61952,0.040221,2.1639e-17
27.129,1.3557,0.919,0.62296,0.040969,2.6017e-17
27.38,1.3582,0.92237,0.62639,0.041727,3.1252e-17
27.634,1.3607,0.92574,0.62983,0.042495,3.7506e-17
27.89,1.3632,0.92911,0.63327,0.043273,4.4971e-17
28.148,1.3656,0.93247,0.63671,0.044062,5.3873e-17
28.409,1.3681,0.93583,0.64015,0.044861,6.4481e-17
28.672,1.3705,0.93919,0.64359,0.045671,7.7108e-17
28.938,1.373,0.94253,0.64704,0.046491,9.2127e-17
29.206,1.3754,0.94588,0.65049,0.047321,1.0998e-16
29.476,1.3778,0.94922,0.65393,0.048163,1.3117e-16
29.749,1.3803,0.95255,0.65738,0.049014,1.5631e-16
30.025,1.3827,0.95588,0.66083,0.049877,1.861e-16
30.303,1.3851,0.95921,0.66428,0.050751,2.2139e-16
30.583,1.3875,0.96253,0.66774,0.051635,2.6314e-16
30.867,1.3899,0.96584,0.67119,0.052531,3.125e-16
31.153,1.3922,0.96915,0.67464,0.053437,3.7081e-16
31.441,1.3946,0.97246,0.6781,0.054355,4.3963e-16
31.732,1.397,0.97576,0.68155,0.055283,5.2079e-16
32.026,1.3993,0.97905,0.68501,0.056223,6.1642e-16
32.323,1.4017,0.98234,0.68846,0.057174,7.29e-16
32.622,1.404,0.98563,0.69192,0.058137,8.6145e-16
32.924,1.4063,0.98891,0.69538,0.05911,1.0171e-15
33.229,1.4087,0.99218,0.69883,0.060096,1.1999e-15
33.537,1.411,0.99545,0.70229,0.061092,1.4145e-15
33.848,1.4133,0.99872,0.70575,0.062101,1.6661e-15
34.161,1.4156,1.002,0.70921,0.063121,1.9608e-15
34.478,1.4179,1.0052,0.71266,0.064152,2.3059e-15
34.797,1.4202,1.0085,0.71612,0.065195,2.7095e-15
35.119,1.4225,1.0117,0.71958,0.06625,3.1813e-15
35.445,1.4248,1.015,0.72303,0.067317,3.7324e-15
35.773,1.427,1.0182,0.72649,0.068396,4.3754e-15
36.104,1.4293,1.0214,0.72995,0.069486,5.1254e-15
36.439,1.4315,1.0246,0.7334,0.070589,5.9992e-15
36.776,1.4338,1.0279,0.73686,0.071703,7.0167e-15
37.117,1.436,1.0311,0.74031,0.07283,8.2004e-15
37.461,1.4382,1.0343,0.74376,0.073969,9.5767e-15
37.807,1.4405,1.0375,0.74722,0.07512,1.1175e-14
38.158,1.4427,1.0407,0.75067,0.076283,1.3031e-14
38.511,1.4449,1.0438,0.75412,0.077458,1.5184e-14
38.868,1.4471,1.047,0.75757,0.078646,1.768e-14
39.228,1.4493,1.0502,0.76102,0.079845,2.057e-14
39.591,1.4515,1.0534,0.76447,0.081058,2.3915e-14
39.958,1.4536,1.0565,0.76792,0.082282,2.7784e-14
40.328,1.4558,1.0597,0.77136,0.08352,3.2256e-14
40.701,1.458,1.0628,0.77481,0.084769,3.7421e-14
41.078,1.4601,1.066,0.77825,0.086031,4.3381e-14
41.459,1.4623,1.0691,0.78169,0.087306,5.0254e-14
41.843,1.4644,1.0723,0.78513,0.088593,5.8176e-14
42.23,1.4666,1.0754,0.78857,0.089893,6.7298e-14
42.622,1.4687,1.0785,0.792,0.091206,7.7796e-14
43.016,1.4708,1.0816,0.79544,0.092531,8.987e-14
43.415,1.4729,1.0847,0.79887,0.093869,1.0374e-13
43.817,1.475,1.0879,0.80231,0.09522,1.1968e-13
44.223,1.4771,1.0909,0.80573,0.096584,1.3796e-13
44.632,1.4792,1.094,0.80916,0.09796,1.5894e-13
45.046,1.4813,1.0971,0.81259,0.099349,1.8297e-13
45.463,1.4834,1.1002,0.81601,0.10075,2.105e-13
45.884,1.4854,1.1033,0.81943,0.10217,2.42e-13
46.309,1.4875,1.1063,0.82285,0.10359,2.7804e-13
46.738,1.4896,1.1094,0.82627,0.10504,3.1922e-13
47.171,1.4916,1.1125,0.82968,0.10649,3.6627e-13
47.608,1.4937,1.1155,0.8331,0.10796,4.1997e-13
48.049,1.4957,1.1186,0.83651,0.10944,4.8123e-13
48.494,1.4977,1.1216,0.83991,0.11093,5.5106e-13
48.943,1.4997,1.1246,0.84332,0.11244,6.3062e-13
49.396,1.5018,1.1276,0.84672,0.11395,7.212e-13
49.854,1.5038,1.1307,0.85012,0.11549,8.2426e-13
50.315,1.5058,1.1337,0.85352,0.11703,9.4144e-13
50.782,1.5078,1.1367,0.85691,0.11859,1.0746e-12
51.252,1.5097,1.1397,0.8603,0.12016,1.2258e-12
51.727,1.5117,1.1427,0.86369,0.12175,1.3974e-12
52.206,1.5137,1.1456,0.86708,0.12335,1.5921e-12
52.689,1.5157,1.1486,0.87046,0.12496,1.8127e-12
53.177,1.5176,1.1516,0.87384,0.12658,2.0626e-12
53.67,1.5196,1.1546,0.87722,0.12822,2.3456e-12
54.167,1.5215,1.1575,0.88059,0.12987,2.6657e-12
54.669,1.5235,1.1605,0.88396,0.13153,3.0276e-12
55.175,1.5254,1.1634,0.88733,0.13321,3.4367e-12
55.686,1.5273,1.1663,0.89069,0.1349,3.8986e-12
56.202,1.5292,1.1693,0.89405,0.13661,4.4199e-12
56.722,1.5311,1.1722,0.89741,0.13832,5.0079e-12
57.248,1.533,1.1751,0.90076,0.14005,5.6709e-12
57.778,1.5349,1.178,0.90411,0.1418,6.4177e-12
58.313,1.5368,1.1809,0.90745,0.14355,7.2587e-12
58.853,1.5387,1.1838,0.9108,0.14532,8.205e-12
59.398,1.5406,1.1867,0.91414,0.14711,9.2693e-12
59.948,1.5425,1.1896,0.91747,0.1489,1.0466e-11
60.504,1.5443,1.1925,0.9208,0.15071,1.1809e-11
61.064,1.5462,1.1954,0.92413,0.15254,1.3318e-11
61.63,1.548,1.1982,0.92745,0.15437,1.5011e-11
62.2,1.5499,1.2011,0.93077,0.15622,1.691e-11
62.777,1.5517,1.2039,0.93409,0.15808,1.9038e-11
63.358,1.5536,1.2068,0.9374,0.15996,2.1421e-11
63.945,1.5554,1.2096,0.94071,0.16185,2.409e-11
64.537,1.5572,1.2124,0.94401,0.16375,2.7076e-11
65.135,1.559,1.2153,0.94731,0.16567,3.0415e-11
65.738,1.5608,1.2181,0.9506,0.1676,3.4147e-11
66.347,1.5626,1.2209,0.95389,0.16954,3.8316e-11
66.962,1.5644,1.2237,0.95718,0.17149,4.297e-11
67.582,1.5662,1.2265,0.96046,0.17346,4.8164e-11
68.208,1.568,1.2293,0.96374,0.17544,5.3956e-11
68.84,1.5698,1.2321,0.96701,0.17744,6.0413e-11
69.477,1.5715,1.2348,0.97028,0.17944,6.7606e-11
70.121,1.5733,1.2376,0.97355,0.18146,7.5615e-11
70.77,1.575,1.2404,0.97681,0.1835,8.4528e-11
71.426,1.5768,1.2431,0.98006,0.18554,9.4441e-11
72.087,1.5785,1.2459,0.98331,0.1876,1.0546e-10
72.755,1.5803,1.2486,0.98656,0.18967,1.1771e-10
73.429,1.582,1.2513,0.9898,0.19176,1.3131e-10
74.109,1.5837,1.2541,0.99304,0.19386,1.464e-10
74.795,1.5854,1.2568,0.99627,0.19597,1.6315e-10
75.488,1.5871,1.2595,0.9995,0.19809,1.8172e-10
76.187,1.5888,1.2622,1.0027,0.20023,2.023e-10
76.893,1.5905,1.2649,1.0059,0.20238,2.251e-10
77.605,1.5922,1.2676,1.0091,0.20454,2.5033e-10
78.324,1.5939,1.2703,1.0124,0.20672,2.7826e-10
79.049,1.5956,1.273,1.0156,0.2089,3.0916e-10
79.781,1.5973,1.2756,1.0188,0.2111,3.4331e-10
80.52,1.5989,1.2783,1.0219,0.21332,3.8104e-10
81.266,1.6006,1.2809,1.0251,0.21554,4.2271e-10
82.019,1.6022,1.2836,1.0283,0.21778,4.6871e-10
82.779,1.6039,1.2862,1.0315,0.22003,5.1947e-10
83.545,1.6055,1.2889,1.0347,0.22229,5.7544e-10
84.319,1.6072,1.2915,1.0378,0.22457,6.3714e-10
85.1,1.6088,1.2941,1.041,0.22686,7.0511e-10
85.888,1.6104,1.2967,1.0441,0.22916,7.7996e-10
86.684,1.612,1.2993,1.0473,0.23147,8.6235e-10
87.487,1.6137,1.3019,1.0504,0.2338,9.5299e-10
88.297,1.6153,1.3045,1.0536,0.23613,1.0527e-09
89.115,1.6169,1.3071,1.0567,0.23848,1.1622e-09
89.94,1.6185,1.3097,1.0598,0.24084,1.2826e-09
90.773,1.62,1.3123,1.063,0.24322,1.4147e-09
91.614,1.6216,1.3148,1.0661,0.2456,1.5598e-09
92.463,1.6232,1.3174,1.0692,0.248,1.719e-09
93.319,1.6248,1.3199,1.0723,0.25041,1.8935e-09
94.183,1.6263,1.3225,1.0754,0.25283,2.0848e-09
95.056,1.6279,1.325,1.0785,0.25527,2.2944e-09
95.936,1.6294,1.3275,1.0816,0.25771,2.5239e-09
96.825,1.631,1.3301,1.0847,0.26017,2.7751e-09
97.721,1.6325,1.3326,1.0877,0.26264,3.05e-09
98.627,1.6341,1.3351,1.0908,0.26512,3.3507e-09
99.54,1.6356,1.3376,1.0939,0.26761,3.6793e-09
100.46,1.6371,1.3401,1.0969,0.27011,4.0384e-09
101.39,1.6386,1.3426,1.1,0.27263,4.4306e-09
102.33,1.6402,1.3451,1.103,0.27516,4.8588e-09
103.28,1.6417,1.3475,1.1061,0.27769,5.3261e-09
104.24,1.6432,1.35,1.1091,0.28024,5.8358e-09
105.2,1.6447,1.3525,1.1122,0.28281,6.3915e-09
106.18,1.6461,1.3549,1.1152,0.28538,6.9972e-09
107.16,1.6476,1.3573,1.1182,0.28796,7.657e-09
108.15,1.6491,1.3598,1.1212,0.29055,8.3756e-09
109.15,1.6506,1.3622,1.1242,0.29316,9.1576e-09
110.16,1.6521,1.3646,1.1272,0.29578,1.0009e-08
111.18,1.6535,1.3671,1.1302,0.2984,1.0934e-08
112.21,1.655,1.3695,1.1332,0.30104,1.194e-08
113.25,1.6564,1.3719,1.1362,0.30369,1.3033e-08
114.3,1.6579,1.3743,1.1392,0.30635,1.4221e-08
115.36,1.6593,1.3766,1.1421,0.30902,1.551e-08
116.43,1.6607,1.379,1.1451,0.3117,1.691e-08
117.51,1.6622,1.3814,1.1481,0.31439,1.8428e-08
118.6,1.6636,1.3838,1.151,0.3171,2.0074e-08
119.7,1.665,1.3861,1.154,0.31981,2.1859e-08
120.8,1.6664,1.3885,1.1569,0.32253,2.3793e-08
121.92,1.6678,1.3908,1.1598,0.32527,2.5888e-08
123.05,1.6692,1.3932,1.1628,0.32801,2.8157e-08
124.19,1.6706,1.3955,1.1657,0.33076,3.0612e-08
125.34,1.672,1.3978,1.1686,0.33353,3.3268e-08
126.5,1.6734,1.4001,1.1715,0.3363,3.614e-08
127.68,1.6748,1.4024,1.1744,0.33908,3.9245e-08
128.86,1.6762,1.4047,1.1773,0.34188,4.2601e-08
130.05,1.6775,1.407,1.1802,0.34468,4.6226e-08
131.26,1.6789,1.4093,1.1831,0.34749,5.014e-08
132.47,1.6802,1.4116,1.1859,0.35032,5.4365e-08
133.7,1.6816,1.4139,1.1888,0.35315,5.8924e-08
134.94,1.6829,1.4162,1.1917,0.35599,6.3841e-08
136.19,1.6843,1.4184,1.1945,0.35884,6.9142e-08
137.45,1.6856,1.4207,1.1974,0.3617,7.4856e-08
138.72,1.687,1.4229,1.2002,0.36457,8.1012e-08
140.01,1.6883,1.4252,1.203,0.36745,8.7642e-08
141.3,1.6896,1.4274,1.2059,0.37034,9.478e-08
142.61,1.6909,1.4296,1.2087,0.37324,1.0246e-07
143.93,1.6922,1.4318,1.2115,0.37614,1.1073e-07
145.27,1.6935,1.4341,1.2143,0.37906,1.1961e-07
146.61,1.6948,1.4363,1.2171,0.38198,1.2917e-07
147.97,1.6961,1.4385,1.2199,0.38491,1.3943e-07
149.34,1.6974,1.4406,1.2227,0.38786,1.5046e-07
150.72,1.6987,1.4428,1.2255,0.39081,1.6231e-07
152.12,1.7,1.445,1.2283,0.39376,1.7502e-07
153.53,1.7013,1.4472,1.231,0.39673,1.8867e-07
154.95,1.7026,1.4493,1.2338,0.39971,2.0331e-07
156.38,1.7038,1.4515,1.2366,0.40269,2.19e-07
157.83,1.7051,1.4537,1.2393,0.40568,2.3583e-07
159.3,1.7063,1.4558,1.242,0.40868,2.5386e-07
160.77,1.7076,1.4579,1.2448,0.41169,2.7318e-07
162.26,1.7088,1.4601,1.2475,0.41471,2.9387e-07
163.76,1.7101,1.4622,1.2502,0.41773,3.1601e-07
165.28,1.7113,1.4643,1.2529,0.42076,3.3971e-07
166.81,1.7126,1.4664,1.2557,0.4238,3.6507e-07
168.36,1.7138,1.4685,1.2584,0.42685,3.9218e-07
169.91,1.715,1.4706,1.2611,0.42991,4.2117e-07
171.49,1.7162,1.4727,1.2637,0.43297,4.5216e-07
173.08,1.7174,1.4748,1.2664,0.43604,4.8526e-07
174.68,1.7186,1.4769,1.2691,0.43911,5.2061e-07
176.3,1.7198,1.4789,1.2718,0.4422,5.5836e-07
177.93,1.721,1.481,1.2744,0.44529,5.9864e-07
179.58,1.7222,1.483,1.2771,0.44839,6.4163e-07
181.24,1.7234,1.4851,1.2797,0.4515,6.8748e-07
182.92,1.7246,1.4871,1.2824,0.45461,7.3637e-07
184.61,1.7258,1.4892,1.285,0.45773,7.8849e-07
186.32,1.727,1.4912,1.2876,0.46085,8.4403e-07
188.05,1.7281,1.4932,1.2902,0.46399,9.0319e-07
189.79,1.7293,1.4952,1.2929,0.46713,9.662e-07
191.55,1.7305,1.4972,1.2955,0.47027,1.0333e-06
193.32,1.7316,1.4992,1.2981,0.47342,1.1047e-06
195.11,1.7328,1.5012,1.3007,0.47658,1.1806e-06
196.92,1.7339,1.5032,1.3032,0.47975,1.2614e-06
198.75,1.7351,1.5052,1.3058,0.48292,1.3473e-06
200.59,1.7362,1.5072,1.3084,0.4861,1.4386e-06
202.44,1.7373,1.5092,1.311,0.48928,1.5357e-06
204.32,1.7385,1.5111,1.3135,0.49247,1.6387e-06
206.21,1.7396,1.5131,1.3161,0.49566,1.7482e-06
208.12,1.7407,1.515,1.3186,0.49886,1.8644e-06
210.05,1.7418,1.517,1.3211,0.50207,1.9878e-06
212,1.7429,1.5189,1.3237,0.50528,2.1187e-06
213.96,1.744,1.5208,1.3262,0.5085,2.2575e-06
215.94,1.7451,1.5228,1.3287,0.51172,2.4047e-06
217.94,1.7462,1.5247,1.3312,0.51495,2.5608e-06
219.96,1.7473,1.5266,1.3337,0.51818,2.7262e-06
222,1.7484,1.5285,1.3362,0.52142,2.9015e-06
224.05,1.7495,1.5304,1.3387,0.52467,3.0871e-06
226.13,1.7506,1.5323,1.3412,0.52791,3.2837e-06
228.22,1.7517,1.5342,1.3437,0.53117,3.4918e-06
230.34,1.7527,1.536,1.3461,0.53443,3.712e-06
232.47,1.7538,1.5379,1.3486,0.53769,3.9449e-06
234.62,1.7549,1.5398,1.351,0.54096,4.1913e-06
236.8,1.7559,1.5416,1.3535,0.54423,4.4519e-06
238.99,1.757,1.5435,1.3559,0.54751,4.7273e-06
241.2,1.758,1.5453,1.3584,0.55079,5.0184e-06
243.44,1.7591,1.5472,1.3608,0.55407,5.3259e-06
245.69,1.7601,1.549,1.3632,0.55736,5.6507e-06
247.97,1.7612,1.5508,1.3656,0.56066,5.9936e-06
250.26,1.7622,1.5526,1.368,0.56395,6.3556e-06
252.58,1.7632,1.5545,1.3704,0.56725,6.7377e-06
254.92,1.7642,1.5563,1.3728,0.57056,7.1408e-06
257.28,1.7653,1.5581,1.3752,0.57387,7.566e-06
259.67,1.7663,1.5599,1.3776,0.57718,8.0143e-06
262.07,1.7673,1.5617,1.3799,0.5805,8.487e-06
264.5,1.7683,1.5634,1.3823,0.58382,8.9851e-06
266.95,1.7693,1.5652,1.3847,0.58714,9.51e-06
269.42,1.7703,1.567,1.387,0.59047,1.0063e-05
271.92,1.7713,1.5687,1.3894,0.5938,1.0645e-05
274.43,1.7723,1.5705,1.3917,0.59714,1.1258e-05
276.98,1.7733,1.5723,1.394,0.60047,1.1903e-05
279.54,1.7743,1.574,1.3963,0.60381,1.2582e-05
282.13,1.7752,1.5757,1.3987,0.60716,1.3296e-05
284.74,1.7762,1.5775,1.401,0.6105,1.4048e-05
287.38,1.7772,1.5792,1.4033,0.61385,1.4837e-05
290.04,1.7782,1.5809,1.4056,0.6172,1.5668e-05
292.73,1.7791,1.5826,1.4078,0.62056,1.654e-05
295.44,1.7801,1.5843,1.4101,0.62391,1.7457e-05
298.18,1.781,1.586,1.4124,0.62727,1.842e-05
300.94,1.782,1.5877,1.4147,0.63063,1.9431e-05
303.73,1.7829,1.5894,1.4169,0.634,2.0493e-05
306.54,1.7839,1.5911,1.4192,0.63736,2.1607e-05
309.38,1.7848,1.5928,1.4214,0.64073,2.2777e-05
312.24,1.7858,1.5945,1.4237,0.6441,2.4004e-05
315.14,1.7867,1.5961,1.4259,0.64747,2.5291e-05
318.06,1.7876,1.5978,1.4281,0.65085,2.664e-05
321,1.7885,1.5994,1.4303,0.65423,2.8055e-05
323.97,1.7895,1.6011,1.4326,0.6576,2.9537e-05
326.97,1.7904,1.6027,1.4348,0.66098,3.1091e-05
330,1.7913,1.6044,1.437,0.66436,3.2718e-05
333.06,1.7922,1.606,1.4391,0.66775,3.4423e-05
336.14,1.7931,1.6076,1.4413,0.67113,3.6208e-05
339.26,1.794,1.6092,1.4435,0.67452,3.8077e-05
342.4,1.7949,1.6109,1.4457,0.6779,4.0032e-05
345.57,1.7958,1.6125,1.4478,0.68129,4.2079e-05
348.77,1.7967,1.6141,1.45,0.68468,4.4219e-05
352,1.7976,1.6157,1.4521,0.68807,4.6458e-05
355.26,1.7985,1.6173,1.4543,0.69146,4.88e-05
358.55,1.7994,1.6188,1.4564,0.69485,5.1247e-05
361.87,1.8002,1.6204,1.4586,0.69825,5.3805e-05
365.23,1.8011,1.622,1.4607,0.70164,5.6479e-05
368.61,1.802,1.6236,1.4628,0.70504,5.9271e-05
372.02,1.8028,1.6251,1.4649,0.70843,6.2188e-05
375.47,1.8037,1.6267,1.467,0.71183,6.5234e-05
378.95,1.8046,1.6282,1.4691,0.71522,6.8414e-05
382.46,1.8054,1.6298,1.4712,0.71862,7.1733e-05
386,1.8063,1.6313,1.4733,0.72202,7.5197e-05
389.57,1.8071,1.6328,1.4754,0.72541,7.8811e-05
393.18,1.808,1.6344,1.4774,0.72881,8.2581e-05
396.82,1.8088,1.6359,1.4795,0.73221,8.6512e-05
400.5,1.8096,1.6374,1.4815,0.73561,9.0611e-05
404.21,1.8105,1.6389,1.4836,0.739,9.4884e-05
407.95,1.8113,1.6404,1.4856,0.7424,9.9337e-05
411.73,1.8121,1.6419,1.4877,0.7458,0.00010398
415.55,1.813,1.6434,1.4897,0.74919,0.00010881
419.39,1.8138,1.6449,1.4917,0.75259,0.00011385
423.28,1.8146,1.6464,1.4937,0.75599,0.00011909
427.2,1.8154,1.6478,1.4958,0.75938,0.00012455
431.16,1.8162,1.6493,1.4978,0.76278,0.00013023
435.15,1.817,1.6508,1.4997,0.76617,0.00013614
439.18,1.8178,1.6522,1.5017,0.76956,0.00014229
443.25,1.8186,1.6537,1.5037,0.77296,0.00014869
447.35,1.8194,1.6551,1.5057,0.77635,0.00015535
451.5,1.8202,1.6566,1.5077,0.77974,0.00016227
455.68,1.821,1.658,1.5096,0.78313,0.00016946
459.9,1.8218,1.6595,1.5116,0.78652,0.00017694
464.16,1.8226,1.6609,1.5135,0.78991,0.00018471
468.46,1.8234,1.6623,1.5155,0.7933,0.00019279
472.8,1.8241,1.6637,1.5174,0.79668,0.00020118
477.18,1.8249,1.6651,1.5194,0.80007,0.00020989
481.6,1.8257,1.6665,1.5213,0.80345,0.00021893
486.06,1.8264,1.6679,1.5232,0.80683,0.00022833
490.56,1.8272,1.6693,1.5251,0.81021,0.00023807
495.1,1.828,1.6707,1.527,0.81359,0.00024819
499.69,1.8287,1.6721,1.5289,0.81697,0.00025869
504.32,1.8295,1.6735,1.5308,0.82034,0.00026958
508.99,1.8302,1.6749,1.5327,0.82372,0.00028087
513.7,1.831,1.6762,1.5346,0.82709,0.00029258
518.46,1.8317,1.6776,1.5364,0.83046,0.00030472
523.26,1.8325,1.679,1.5383,0.83383,0.00031731
528.11,1.8332,1.6803,1.5402,0.83719,0.00033035
533,1.8339,1.6817,1.542,0.84056,0.00034387
537.94,1.8347,1.683,1.5439,0.84392,0.00035788
542.92,1.8354,1.6843,1.5457,0.84728,0.00037238
547.95,1.8361,1.6857,1.5475,0.85064,0.0003874
553.02,1.8368,1.687,1.5494,0.85399,0.00040296
558.14,1.8376,1.6883,1.5512,0.85734,0.00041906
563.31,1.8383,1.6896,1.553,0.86069,0.00043573
568.53,1.839,1.691,1.5548,0.86404,0.00045298
573.8,1.8397,1.6923,1.5566,0.86739,0.00047083
579.11,1.8404,1.6936,1.5584,0.87073,0.00048929
584.48,1.8411,1.6949,1.5602,0.87407,0.00050839
589.89,1.8418,1.6962,1.562,0.87741,0.00052814
595.35,1.8425,1.6974,1.5638,0.88074,0.00054856
600.87,1.8432,1.6987,1.5656,0.88408,0.00056967
606.43,1.8439,1.7,1.5673,0.8874,0.00059149
612.05,1.8446,1.7013,1.5691,0.89073,0.00061404
617.72,1.8453,1.7025,1.5708,0.89405,0.00063734
623.44,1.846,1.7038,1.5726,0.89737,0.00066141
629.21,1.8467,1.7051,1.5743,0.90069,0.00068627
635.04,1.8473,1.7063,1.5761,0.90401,0.00071194
640.92,1.848,1.7076,1.5778,0.90732,0.00073845
646.86,1.8487,1.7088,1.5795,0.91062,0.00076582
652.85,1.8493,1.71,1.5812,0.91393,0.00079407
658.9,1.85,1.7113,1.5829,0.91723,0.00082322
665,1.8507,1.7125,1.5846,0.92053,0.0008533
671.16,1.8513,1.7137,1.5863,0.92382,0.00088433
677.38,1.852,1.7149,1.588,0.92711,0.00091634
683.65,1.8527,1.7162,1.5897,0.9304,0.00094936
689.98,1.8533,1.7174,1.5914,0.93368,0.0009834
696.37,1.854,1.7186,1.5931,0.93696,0.0010185
702.82,1.8546,1.7198,1.5948,0.94024,0.0010547
709.33,1.8552,1.721,1.5964,0.94351,0.001092
715.9,1.8559,1.7222,1.5981,0.94678,0.0011304
722.53,1.8565,1.7233,1.5997,0.95005,0.00117
729.23,1.8572,1.7245,1.6014,0.95331,0.0012108
735.98,1.8578,1.7257,1.603,0.95657,0.0012528
742.8,1.8584,1.7269,1.6046,0.95982,0.0012961
749.68,1.8591,1.728,1.6063,0.96307,0.0013406
756.62,1.8597,1.7292,1.6079,0.96631,0.0013865
763.63,1.8603,1.7304,1.6095,0.96955,0.0014337
770.7,1.8609,1.7315,1.6111,0.97279,0.0014823
777.84,1.8615,1.7327,1.6127,0.97602,0.0015323
785.05,1.8622,1.7338,1.6143,0.97925,0.0015837
792.32,1.8628,1.735,1.6159,0.98248,0.0016366
799.66,1.8634,1.7361,1.6175,0.9857,0.0016911
807.06,1.864,1.7372,1.6191,0.98891,0.0017471
814.54,1.8646,1.7383,1.6207,0.99212,0.0018046
822.08,1.8652,1.7395,1.6222,0.99533,0.0018638
829.7,1.8658,1.7406,1.6238,0.99853,0.0019246
837.38,1.8664,1.7417,1.6253,1.0017,0.0019872
845.14,1.867,1.7428,1.6269,1.0049,0.0020514
852.96,1.8676,1.7439,1.6284,1.0081,0.0021174
860.86,1.8682,1.745,1.63,1.0113,0.0021853
868.84,1.8687,1.7461,1.6315,1.0145,0.002255
876.89,1.8693,1.7472,1.6331,1.0176,0.0023265
885.01,1.8699,1.7483,1.6346,1.0208,0.0024
893.2,1.8705,1.7494,1.6361,1.024,0.0024755
901.48,1.8711,1.7505,1.6376,1.0271,0.0025529
909.83,1.8716,1.7515,1.6391,1.0303,0.0026324
918.25,1.8722,1.7526,1.6406,1.0334,0.002714
926.76,1.8728,1.7537,1.6421,1.0366,0.0027978
935.34,1.8734,1.7547,1.6436,1.0397,0.0028837
944.01,1.8739,1.7558,1.6451,1.0429,0.0029718
952.75,1.8745,1.7568,1.6466,1.046,0.0030622
961.57,1.875,1.7579,1.648,1.0491,0.003155
970.48,1.8756,1.7589,1.6495,1.0522,0.0032501
979.47,1.8761,1.76,1.651,1.0554,0.0033476
988.54,1.8767,1.761,1.6524,1.0585,0.0034475
997.7,1.8772,1.762,1.6539,1.0616,0.00355
1006.9,1.8778,1.7631,1.6553,1.0647,0.003655
1016.3,1.8783,1.7641,1.6568,1.0678,0.0037626
1025.7,1.8789,1.7651,1.6582,1.0709,0.0038728
1035.2,1.8794,1.7661,1.6596,1.0739,0.0039858
1044.8,1.88,1.7671,1.6611,1.077,0.0041015
1054.4,1.8805,1.7681,1.6625,1.0801,0.00422
1064.2,1.881,1.7691,1.6639,1.0832,0.0043414
1074.1,1.8816,1.7701,1.6653,1.0862,0.0044656
1084,1.8821,1.7711,1.6667,1.0893,0.0045929
1094.1,1.8826,1.7721,1.6681,1.0923,0.0047231
1104.2,1.8831,1.7731,1.6695,1.0954,0.0048564
1114.4,1.8837,1.7741,1.6709,1.0984,0.0049929
1124.7,1.8842,1.7751,1.6723,1.1014,0.0051325
1135.2,1.8847,1.776,1.6737,1.1045,0.0052753
1145.7,1.8852,1.777,1.675,1.1075,0.0054215
1156.3,1.8857,1.778,1.6764,1.1105,0.005571
1167,1.8862,1.7789,1.6778,1.1135,0.0057238
1177.8,1.8867,1.7799,1.6791,1.1165,0.0058802
1188.7,1.8873,1.7809,1.6805,1.1195,0.0060401
1199.7,1.8878,1.7818,1.6818,1.1225,0.0062035
1210.8,1.8883,1.7828,1.6832,1.1255,0.0063706
1222,1.8888,1.7837,1.6845,1.1285,0.0065414
1233.4,1.8893,1.7846,1.6858,1.1315,0.0067159
1244.8,1.8898,1.7856,1.6872,1.1344,0.0068943
1256.3,1.8902,1.7865,1.6885,1.1374,0.0070766
1268,1.8907,1.7874,1.6898,1.1403,0.0072628
1279.7,1.8912,1.7884,1.6911,1.1433,0.007453
1291.5,1.8917,1.7893,1.6924,1.1462,0.0076473
1303.5,1.8922,1.7902,1.6937,1.1492,0.0078457
1315.6,1.8927,1.7911,1.695,1.1521,0.0080483
1327.8,1.8932,1.792,1.6963,1.155,0.0082552
1340.1,1.8936,1.7929,1.6976,1.158,0.0084664
1352.5,1.8941,1.7938,1.6989,1.1609,0.0086819
1365,1.8946,1.7947,1.7001,1.1638,0.008902
1377.7,1.8951,1.7956,1.7014,1.1667,0.0091266
1390.4,1.8955,1.7965,1.7027,1.1696,0.0093557
1403.3,1.896,1.7974,1.7039,1.1725,0.0095896
1416.3,1.8965,1.7983,1.7052,1.1754,0.0098281
1429.4,1.8969,1.7992,1.7064,1.1782,0.010071
1442.6,1.8974,1.8,1.7077,1.1811,0.01032
1456,1.8978,1.8009,1.7089,1.184,0.010573
1469.5,1.8983,1.8018,1.7102,1.1868,0.010831
1483.1,1.8988,1.8026,1.7114,1.1897,0.011094
1496.8,1.8992,1.8035,1.7126,1.1925,0.011363
1510.7,1.8997,1.8044,1.7139,1.1954,0.011636
1524.7,1.9001,1.8052,1.7151,1.1982,0.011915
1538.8,1.9006,1.8061,1.7163,1.201,0.012199
1553.1,1.901,1.8069,1.7175,1.2039,0.012489
1567.5,1.9015,1.8078,1.7187,1.2067,0.012784
1582,1.9019,1.8086,1.7199,1.2095,0.013085
1596.6,1.9023,1.8094,1.7211,1.2123,0.013391
1611.4,1.9028,1.8103,1.7223,1.2151,0.013703
1626.3,1.9032,1.8111,1.7235,1.2179,0.014021
1641.4,1.9036,1.8119,1.7246,1.2207,0.014344
1656.6,1.9041,1.8128,1.7258,1.2234,0.014674
1671.9,1.9045,1.8136,1.727,1.2262,0.01501
1687.4,1.9049,1.8144,1.7282,1.229,0.015351
1703.1,1.9054,1.8152,1.7293,1.2317,0.015699
1718.8,1.9058,1.816,1.7305,1.2345,0.016053
1734.8,1.9062,1.8168,1.7316,1.2372,0.016414
1750.8,1.9066,1.8176,1.7328,1.24,0.01678
1767,1.9071,1.8184,1.7339,1.2427,0.017154
1783.4,1.9075,1.8192,1.7351,1.2454,0.017533
1799.9,1.9079,1.82,1.7362,1.2481,0.01792
1816.6,1.9083,1.8208,1.7373,1.2508,0.018312
1833.4,1.9087,1.8216,1.7385,1.2535,0.018712
1850.4,1.9091,1.8224,1.7396,1.2562,0.019119
1867.5,1.9095,1.8232,1.7407,1.2589,0.019532
1884.8,1.9099,1.8239,1.7418,1.2616,0.019953
1902.3,1.9103,1.8247,1.7429,1.2643,0.02038
1919.9,1.9107,1.8255,1.744,1.267,0.020815
1937.7,1.9111,1.8262,1.7451,1.2696,0.021257
1955.7,1.9115,1.827,1.7462,1.2723,0.021706
1973.8,1.9119,1.8278,1.7473,1.2749,0.022162
1992,1.9123,1.8285,1.7484,1.2776,0.022626
2010.5,1.9127,1.8293,1.7495,1.2802,0.023097
2029.1,1.9131,1.83,1.7505,1.2828,0.023576
2047.9,1.9135,1.8308,1.7516,1.2855,0.024063
2066.9,1.9139,1.8315,1.7527,1.2881,0.024557
2086,1.9143,1.8323,1.7538,1.2907,0.025059
2105.3,1.9147,1.833,1.7548,1.2933,0.025569
2124.8,1.9151,1.8337,1.7559,1.2959,0.026087
2144.5,1.9154,1.8345,1.7569,1.2985,0.026614
2164.4,1.9158,1.8352,1.758,1.3011,0.027148
2184.4,1.9162,1.8359,1.759,1.3036,0.02769
2204.7,1.9166,1.8367,1.7601,1.3062,0.028241
2225.1,1.917,1.8374,1.7611,1.3088,0.0288
2245.7,1.9173,1.8381,1.7621,1.3113,0.029367
2266.5,1.9177,1.8388,1.7631,1.3139,0.029943
2287.5,1.9181,1.8395,1.7642,1.3164,0.030527
2308.7,1.9184,1.8402,1.7652,1.319,0.03112
2330.1,1.9188,1.8409,1.7662,1.3215,0.031722
2351.6,1.9192,1.8416,1.7672,1.324,0.032333
2373.4,1.9195,1.8423,1.7682,1.3265,0.032952
2395.4,1.9199,1.843,1.7692,1.329,0.03358
2417.6,1.9203,1.8437,1.7702,1.3315,0.034218
2440,1.9206,1.8444,1.7712,1.334,0.034864
2462.6,1.921,1.8451,1.7722,1.3365,0.03552
2485.4,1.9213,1.8458,1.7732,1.339,0.036184
2508.4,1.9217,1.8465,1.7742,1.3415,0.036859
2531.6,1.9221,1.8471,1.7751,1.3439,0.037542
2555.1,1.9224,1.8478,1.7761,1.3464,0.038235
2578.8,1.9228,1.8485,1.7771,1.3488,0.038937
2602.6,1.9231,1.8492,1.7781,1.3513,0.039649
2626.8,1.9234,1.8498,1.779,1.3537,0.040371
2651.1,1.9238,1.8505,1.78,1.3562,0.041102
2675.6,1.9241,1.8512,1.7809,1.3586,0.041843
2700.4,1.9245,1.8518,1.7819,1.361,0.042595
2725.4,1.9248,1.8525,1.7828,1.3634,0.043355
2750.7,1.9252,1.8531,1.7838,1.3658,0.044126
2776.2,1.9255,1.8538,1.7847,1.3682,0.044907
2801.9,1.9258,1.8544,1.7856,1.3706,0.045699
2827.8,1.9262,1.8551,1.7866,1.373,0.0465
2854,1.9265,1.8557,1.7875,1.3754,0.047312
2880.4,1.9268,1.8563,1.7884,1.3778,0.048134
2907.1,1.9272,1.857,1.7894,1.3801,0.048966
2934,1.9275,1.8576,1.7903,1.3825,0.049809
2961.2,1.9278,1.8582,1.7912,1.3848,0.050662
2988.7,1.9281,1.8589,1.7921,1.3872,0.051526
3016.3,1.9285,1.8595,1.793,1.3895,0.052401
3044.3,1.9288,1.8601,1.7939,1.3918,0.053286
3072.5,1.9291,1.8607,1.7948,1.3942,0.054182
3100.9,1.9294,1.8614,1.7957,1.3965,0.055089
3129.6,1.9298,1.862,1.7966,1.3988,0.056007
3158.6,1.9301,1.8626,1.7975,1.4011,0.056935
3187.9,1.9304,1.8632,1.7983,1.4034,0.057875
3217.4,1.9307,1.8638,1.7992,1.4057,0.058826
3247.2,1.931,1.8644,1.8001,1.408,0.059788
3277.3,1.9313,1.865,1.801,1.4102,0.060761
3307.6,1.9316,1.8656,1.8018,1.4125,0.061746
3338.3,1.9319,1.8662,1.8027,1.4148,0.062742
3369.2,1.9323,1.8668,1.8036,1.417,0.063749
3400.4,1.9326,1.8674,1.8044,1.4193,0.064767
3431.9,1.9329,1.868,1.8053,1.4215,0.065797
3463.7,1.9332,1.8686,1.8061,1.4237,0.066839
3495.8,1.9335,1.8692,1.807,1.426,0.067892
3528.2,1.9338,1.8697,1.8078,1.4282,0.068957
3560.8,1.9341,1.8703,1.8087,1.4304,0.070033
3593.8,1.9344,1.8709,1.8095,1.4326,0.071122
3627.1,1.9347,1.8715,1.8103,1.4348,0.072222
3660.7,1.935,1.872,1.8112,1.437,0.073333
3694.6,1.9353,1.8726,1.812,1.4392,0.074457
3728.8,1.9356,1.8732,1.8128,1.4414,0.075593
3763.4,1.9358,1.8737,1.8136,1.4435,0.07674
3798.2,1.9361,1.8743,1.8145,1.4457,0.0779
3833.4,1.9364,1.8749,1.8153,1.4479,0.079072
3868.9,1.9367,1.8754,1.8161,1.45,0.080256
3904.7,1.937,1.876,1.8169,1.4522,0.081452
3940.9,1.9373,1.8765,1.8177,1.4543,0.08266
3977.4,1.9376,1.8771,1.8185,1.4564,0.08388
4014.2,1.9378,1.8776,1.8193,1.4586,0.085113
4051.4,1.9381,1.8782,1.8201,1.4607,0.086358
4088.9,1.9384,1.8787,1.8209,1.4628,0.087615
4126.8,1.9387,1.8793,1.8216,1.4649,0.088885
4165,1.939,1.8798,1.8224,1.467,0.090167
4203.6,1.9392,1.8803,1.8232,1.4691,0.091462
4242.6,1.9395,1.8809,1.824,1.4712,0.092769
4281.9,1.9398,1.8814,1.8248,1.4733,0.094089
4321.5,1.9401,1.8819,1.8255,1.4753,0.095421
4361.5,1.9403,1.8825,1.8263,1.4774,0.096766
4401.9,1.9406,1.883,1.8271,1.4795,0.098123
4442.7,1.9409,1.8835,1.8278,1.4815,0.099493
4483.9,1.9411,1.884,1.8286,1.4836,0.10088
4525.4,1.9414,1.8845,1.8293,1.4856,0.10227
4567.3,1.9417,1.8851,1.8301,1.4876,0.10368
4609.6,1.9419,1.8856,1.8308,1.4897,0.1051
4652.3,1.9422,1.8861,1.8316,1.4917,0.10654
4695.4,1.9425,1.8866,1.8323,1.4937,0.10798
4738.9,1.9427,1.8871,1.8331,1.4957,0.10944
4782.8,1.943,1.8876,1.8338,1.4977,0.11091
4827.1,1.9432,1.8881,1.8345,1.4997,0.1124
4871.8,1.9435,1.8886,1.8352,1.5017,0.1139
4916.9,1.9438,1.8891,1.836,1.5037,0.11541
4962.4,1.944,1.8896,1.8367,1.5056,0.11693
5008.4,1.9443,1.8901,1.8374,1.5076,0.11847
5054.8,1.9445,1.8906,1.8381,1.5096,0.12002
5101.6,1.9448,1.8911,1.8388,1.5115,0.12158
5148.9,1.945,1.8916,1.8396,1.5135,0.12316
5196.6,1.9453,1.892,1.8403,1.5154,0.12475
5244.7,1.9455,1.8925,1.841,1.5173,0.12635
5293.3,1.9458,1.893,1.8417,1.5193,0.12797
5342.3,1.946,1.8935,1.8424,1.5212,0.1296
5391.8,1.9463,1.894,1.8431,1.5231,0.13124
5441.7,1.9465,1.8944,1.8438,1.525,0.13289
5492.1,1.9467,1.8949,1.8444,1.5269,0.13456
5543,1.947,1.8954,1.8451,1.5288,0.13624
5594.3,1.9472,1.8958,1.8458,1.5307,0.13793
5646.1,1.9475,1.8963,1.8465,1.5326,0.13964
5698.4,1.9477,1.8968,1.8472,1.5345,0.14136
5751.2,1.9479,1.8972,1.8479,1.5363,0.14309
5804.5,1.9482,1.8977,1.8485,1.5382,0.14484
5858.2,1.9484,1.8982,1.8492,1.5401,0.1466
5912.5,1.9486,1.8986,1.8499,1.5419,0.14837
5967.3,1.9489,1.8991,1.8505,1.5438,0.15016
6022.5,1.9491,1.8995,1.8512,1.5456,0.15196
6078.3,1.9493,1.9,1.8518,1.5474,0.15377
6134.6,1.9496,1.9004,1.8525,1.5493,0.1556
6191.4,1.9498,1.9009,1.8532,1.5511,0.15743
6248.8,1.95,1.9013,1.8538,1.5529,0.15929
6306.7,1.9503,1.9018,1.8545,1.5547,0.16115
6365.1,1.9505,1.9022,1.8551,1.5565,0.16303
6424,1.9507,1.9026,1.8557,1.5583,0.16492
6483.5,1.9509,1.9031,1.8564,1.5601,0.16682
6543.6,1.9512,1.9035,1.857,1.5619,0.16874
6604.2,1.9514,1.9039,1.8576,1.5637,0.17067
6665.4,1.9516,1.9044,1.8583,1.5654,0.17261
6727.1,1.9518,1.9048,1.8589,1.5672,0.17457
6789.4,1.952,1.9052,1.8595,1.569,0.17654
6852.3,1.9523,1.9056,1.8602,1.5707,0.17852
6915.8,1.9525,1.9061,1.8608,1.5725,0.18052
6979.8,1.9527,1.9065,1.8614,1.5742,0.18252
7044.5,1.9529,1.9069,1.862,1.5759,0.18454
7109.7,1.9531,1.9073,1.8626,1.5777,0.18658
7175.6,1.9533,1.9077,1.8632,1.5794,0.18862
7242,1.9535,1.9082,1.8638,1.5811,0.19068
7309.1,1.9538,1.9086,1.8644,1.5828,0.19276
7376.8,1.954,1.909,1.865,1.5845,0.19484
7445.1,1.9542,1.9094,1.8656,1.5862,0.19694
7514.1,1.9544,1.9098,1.8662,1.5879,0.19905
7583.7,1.9546,1.9102,1.8668,1.5896,0.20118
7653.9,1.9548,1.9106,1.8674,1.5913,0.20331
7724.8,1.955,1.911,1.868,1.5929,0.20546
7796.4,1.9552,1.9114,1.8686,1.5946,0.20762
7868.6,1.9554,1.9118,1.8692,1.5963,0.2098
7941.5,1.9556,1.9122,1.8698,1.5979,0.21198
8015,1.9558,1.9126,1.8703,1.5996,0.21418
8089.2,1.956,1.913,1.8709,1.6012,0.2164
8164.2,1.9562,1.9134,1.8715,1.6029,0.21862
8239.8,1.9564,1.9138,1.8721,1.6045,0.22086
8316.1,1.9566,1.9142,1.8726,1.6061,0.22311
8393.1,1.9568,1.9146,1.8732,1.6077,0.22537
8470.9,1.957,1.9149,1.8738,1.6094,0.22764
8549.3,1.9572,1.9153,1.8743,1.611,0.22993
8628.5,1.9574,1.9157,1.8749,1.6126,0.23223
8708.4,1.9576,1.9161,1.8755,1.6142,0.23454
8789.1,1.9578,1.9165,1.876,1.6158,0.23687
8870.5,1.958,1.9168,1.8766,1.6173,0.2392
8952.7,1.9582,1.9172,1.8771,1.6189,0.24155
9035.6,1.9584,1.9176,1.8777,1.6205,0.24391
9119.3,1.9585,1.918,1.8782,1.6221,0.24628
9203.7,1.9587,1.9183,1.8787,1.6236,0.24866
9289,1.9589,1.9187,1.8793,1.6252,0.25106
9375,1.9591,1.9191,1.8798,1.6267,0.25347
9461.8,1.9593,1.9194,1.8804,1.6283,0.25589
9549.5,1.9595,1.9198,1.8809,1.6298,0.25832
9637.9,1.9597,1.9201,1.8814,1.6314,0.26076
9727.2,1.9599,1.9205,1.882,1.6329,0.26322
9817.3,1.96,1.9209,1.8825,1.6344,0.26568
9908.2,1.9602,1.9212,1.883,1.6359,0.26816
10000,1.9604,1.9216,1.8835,1.6375,0.27065
